    0.000000  -2643.167677810171   56.492259025013
    6.000000  -2600.595408924698   57.096003686282
   12.000000  -2671.931996624382   55.784988937546
   18.000000  -2629.442827265304   56.915923255014
   24.000000  -2586.913640376513   57.659287519546
   30.000000  -2621.699804033866   56.629154100540
   36.000000  -2615.544794784733   57.190063203592
   42.000000  -2574.455081003645   56.937451342209
   48.000000  -2550.013497293452   57.705226459763
   54.000000  -2655.111117895809   55.634008032711
   60.000000  -2587.561317259155   56.850538016801
   66.000000  -2610.356983652152   56.141923457640
   72.000000  -2578.503565913160   57.256442382842
   78.000000  -2573.142172186585   57.115782280153
   84.000000  -2543.793068010806   58.071298872396
   90.000000  -2606.970240310028   57.195048103891
   96.000000  -2599.258542611009   57.841517315845
  102.000000  -2586.307528292784   57.918436384154
  108.000000  -2631.853631190141   56.779330905802
  114.000000  -2640.890257372315   55.846755702495
  120.000000  -2606.908698099433   57.134461635353
  126.000000  -2573.656136263545   57.630156692814
  132.000000  -2608.278871816693   56.902727222909
  138.000000  -2552.454787770451   58.356073283805
  144.000000  -2558.225715177052   58.038266142929
  150.000000  -2621.408834295524   56.911867455444
  156.000000  -2586.577350617753   58.228319521704
  162.000000  -2624.594493423563   56.761083591858
  168.000000  -2606.283751797444   56.446722452343
  174.000000  -2643.594777212156   56.699084724831
  180.000000  -2541.523402444764   58.496387493765
  186.000000  -2710.327317888835   54.875905754191
  192.000000  -2583.293582262674   56.750918504265
  198.000000  -2588.446612133592   56.882654190620
  204.000000  -2604.524898838349   57.473077129704
  210.000000  -2559.581617880442   57.593849350724
  216.000000  -2645.731329457049   56.110144020788
  222.000000  -2626.990281802648   56.484116263593
  228.000000  -2605.472633649741   57.594521950050
  234.000000  -2585.473311689492   57.659869290954
  240.000000  -2591.765426458772   57.127547604775
  246.000000  -2575.219265134783   57.499520838269
  252.000000  -2584.446049850104   57.070431137098
  258.000000  -2664.089719750602   55.902156670557
  264.000000  -2609.628593600683   57.932737438883
  270.000000  -2560.572347608552   57.325132051829
  276.000000  -2546.215328512687   57.931068466301
  282.000000  -2622.304046173748   56.395942629134
  288.000000  -2599.265183525009   56.334861889738
  294.000000  -2588.619649613377   56.959365066977
  300.000000  -2608.078549173923   57.245220707307
  306.000000  -2605.326646189623   57.180846983241
  312.000000  -2625.028389740272   56.907907730075
  318.000000  -2568.573166491783   56.907508933171
  324.000000  -2597.298227367366   56.786530685911
  330.000000  -2593.328391338080   56.687231975352
  336.000000  -2598.378573127323   57.795616293493
  342.000000  -2547.686783438506   57.839073053037
  348.000000  -2615.589179213704   56.902718043459
  354.000000  -2590.030345999831   57.260189059333
  360.000000  -2608.779063921001   56.829179824713
  366.000000  -2623.774883518694   56.708373094754
  372.000000  -2567.039116836494   57.173787450605
  378.000000  -2569.062492401637   57.930646846687
  384.000000  -2570.296359824190   57.431268474252
  390.000000  -2554.463435962287   57.822436220678
  396.000000  -2571.994063025514   57.373760961364
  402.000000  -2640.733125252366   56.374789940461
  408.000000  -2616.687570326011   56.302931883235
  414.000000  -2642.177168953884   56.369890379950
  420.000000  -2573.694124445221   57.597692565333
  426.000000  -2621.341873291387   56.929854878024
  432.000000  -2589.854402522756   57.643242574584
  438.000000  -2647.060751192390   56.059296367389
  444.000000  -2560.011776881560   57.873453339683
  450.000000  -2639.804346131275   55.897917464897
  456.000000  -2582.662218119588   57.109239114090
  462.000000  -2698.278804354420   55.207145415786
  468.000000  -2581.018951051415   57.723119163264
  474.000000  -2579.688233824506   58.101050169433
  480.000000  -2554.259987548903   58.497527586053
  486.000000  -2609.799171324982   56.791600465444
  492.000000  -2624.357963044108   56.966187919212
  498.000000  -2581.629411402310   58.131555563495
  504.000000  -2544.840204750942   58.405502492224
  510.000000  -2625.660898244483   56.438230319102
  516.000000  -2641.874492787498   56.486370050910
  522.000000  -2601.765112178821   56.373045154707
  528.000000  -2584.132397427039   57.584033980094
  534.000000  -2626.180970701649   56.393403871561
  540.000000  -2605.152066395165   57.135563276003
  546.000000  -2637.272918060643   56.998953133972
  552.000000  -2627.785563574211   56.819924128356
  558.000000  -2636.767329740358   55.946893185326
  564.000000  -2567.723751023739   57.741153452711
  570.000000  -2564.984428248086   57.925885517318
  576.000000  -2570.333919787254   57.348224445722
  582.000000  -2547.662373763977   57.934735569894
  588.000000  -2566.084718229903   57.700729740032
  594.000000  -2497.403539466438   59.232962843559
  600.000000  -2641.672165399196   56.889424416258
  606.000000  -2618.183777865079   56.559617502256
  612.000000  -2638.901788815302   56.611512276323
  618.000000  -2642.579390381547   56.984815393254
  624.000000  -2565.743476479788   57.378466141930
  630.000000  -2551.958323190639   57.524084542211
  636.000000  -2545.398637456936   58.036850153725
  642.000000  -2586.532992122986   57.698483051450
  648.000000  -2589.885842096956   57.422361306959
  654.000000  -2578.664819658429   57.837102728191
  660.000000  -2617.438694043756   57.152950677263
  666.000000  -2563.176310115715   58.301307747067
  672.000000  -2603.346403602562   57.888283446247
  678.000000  -2520.462396895735   58.677315910318
  684.000000  -2618.264903230700   56.967069522552
  690.000000  -2560.762249689177   57.769768297413
  696.000000  -2496.896820791596   59.036510455639
  702.000000  -2568.310820569897   58.207477312382
  708.000000  -2615.086999814465   56.499200365507
  714.000000  -2636.696113429092   56.349262458041
  720.000000  -2586.206250097802   57.253040435257
  726.000000  -2643.877445631579   56.616844963329
  732.000000  -2532.461776449292   57.963238284172
  738.000000  -2623.360232545449   56.959689958509
  744.000000  -2658.379282835215   56.320617703363
  750.000000  -2582.513197372211   57.810874145690
  756.000000  -2579.469390142131   57.353729885529
  762.000000  -2578.094745833591   57.675772509914
  768.000000  -2576.688860267510   57.803135386478
  774.000000  -2607.533998183097   57.504851651682
  780.000000  -2601.647477882982   57.279332230457
  786.000000  -2597.276141469345   57.551505271203
  792.000000  -2537.970913320561   58.452951032394
  798.000000  -2634.554875209255   56.875741945153
  804.000000  -2606.502434565793   57.041610285775
  810.000000  -2587.580888901488   56.907422261948
  816.000000  -2672.007841048351   55.121263181662
  822.000000  -2622.872578851233   56.007282670413
  828.000000  -2560.261996997272   58.017873159243
  834.000000  -2552.670504034746   58.116564626089
  840.000000  -2633.618611924877   56.844349073397
  846.000000  -2655.411175044383   56.688987856888
  852.000000  -2666.524794311013   56.247292868701
  858.000000  -2607.070354217032   56.821686331830
  864.000000  -2601.827650385982   57.762877500194
  870.000000  -2604.403645166978   57.374446280346
  876.000000  -2660.089538448854   56.185143798646
  882.000000  -2545.686061880323   58.016456116144
  888.000000  -2573.114776057561   58.029893586648
  894.000000  -2739.981350519299   54.736210404111
  900.000000  -2628.313330826360   56.558211257629
  906.000000  -2598.027509867970   57.101627998759
  912.000000  -2567.022595038282   57.397690654949
  918.000000  -2654.788672379612   56.716981936432
  924.000000  -2644.708610023259   56.618467433072
  930.000000  -2602.781221212064   56.938674645053
  936.000000  -2626.135679060379   57.265729384946
  942.000000  -2635.730182294621   55.715414003597
  948.000000  -2601.693087976802   56.672308234450
  954.000000  -2645.054304269333   57.055177310784
  960.000000  -2655.135417188465   55.768942814431
  966.000000  -2568.942146732094   57.668492960706
  972.000000  -2584.054338582760   56.908931266768
  978.000000  -2559.321006941675   57.701953789069
  984.000000  -2607.123670404310   57.450009286589
  990.000000  -2575.187624647052   57.301042213857
  996.000000  -2589.466978419911   57.247361303520
 1002.000000  -2566.890222695783   58.241872037257
 1008.000000  -2599.212113155936   57.978638262480
 1014.000000  -2645.278113227861   56.222604487958
 1020.000000  -2652.188304186026   56.323568422918
 1026.000000  -2686.764204786010   55.550737306642
 1032.000000  -2609.766915414193   57.125976124427
 1038.000000  -2548.910349524781   58.054445995859
 1044.000000  -2602.598208413986   56.271219019667
 1050.000000  -2647.897049668566   55.445649767405
 1056.000000  -2641.384034019975   55.709144537891
 1062.000000  -2620.198383111852   56.041888084767
 1068.000000  -2642.585418647551   55.863202510174
 1074.000000  -2622.646050320285   56.611028508161
 1080.000000  -2612.823607032773   56.714929777194
 1086.000000  -2572.696994603214   57.727164226402
 1092.000000  -2615.171682596269   56.343824082570
 1098.000000  -2595.266463037157   57.150659614507
 1104.000000  -2586.136501940293   57.429431597077
 1110.000000  -2563.822209527904   57.935649276569
 1116.000000  -2545.097523524606   57.771322350586
 1122.000000  -2611.028673229560   57.275295108730
 1128.000000  -2625.017402020158   56.496497382014
 1134.000000  -2651.768345567694   56.262308713784
 1140.000000  -2488.740708657377   58.828215626380
 1146.000000  -2575.516660057039   57.664096440535
 1152.000000  -2597.724393347566   57.734398327740
 1158.000000  -2569.652923989431   58.329049394555
 1164.000000  -2628.067653044597   56.527274086583
 1170.000000  -2596.167133975923   56.743516089701
 1176.000000  -2596.467640435798   57.730003117369
 1182.000000  -2602.210324187423   57.112930402571
 1188.000000  -2563.312663902599   57.641397920729
 1194.000000  -2676.044702506279   55.369723406865
 1200.000000  -2578.327152947194   57.256012320154
 1206.000000  -2603.082311180139   56.716729833311
 1212.000000  -2594.581914719848   58.076201673169
 1218.000000  -2531.307239052026   58.103421438285
 1224.000000  -2569.096155412271   58.094132019048
 1230.000000  -2628.034914673758   56.548478437020
 1236.000000  -2628.611579010003   56.553975036972
 1242.000000  -2610.964077712512   56.835793810761
 1248.000000  -2595.871008721658   57.299647660105
 1254.000000  -2621.965855705848   56.611296351932
 1260.000000  -2617.209759575752   56.416122729680
 1266.000000  -2599.984393093243   57.009359544211
 1272.000000  -2608.988084077909   57.230885527928
 1278.000000  -2611.189062095884   56.551221937501
 1284.000000  -2612.095398883021   56.940766692625
 1290.000000  -2507.949329014353   58.869301132071
 1296.000000  -2635.228938940362   56.679020448807
 1302.000000  -2607.252341816446   56.814187810752
 1308.000000  -2607.723687358972   56.389256368682
 1314.000000  -2690.908240443562   55.377381303624
 1320.000000  -2601.897303913081   56.705624442650
 1326.000000  -2627.079550337203   56.194245539364
 1332.000000  -2651.386594089729   56.155132115713
 1338.000000  -2581.030781666840   57.934391252448
 1344.000000  -2645.838185969138   55.934764659725
 1350.000000  -2596.321697619016   56.757622400305
 1356.000000  -2582.348648382159   57.382819772327
 1362.000000  -2662.093332361532   55.905524178210
 1368.000000  -2647.396953125740   56.650257443840
 1374.000000  -2614.111648392887   56.496834570527
 1380.000000  -2611.216738166375   56.957193663382
 1386.000000  -2598.666052427981   57.541546809993
 1392.000000  -2585.591012728012   57.069857535207
 1398.000000  -2670.392205388102   55.312813646435
 1404.000000  -2631.857309532400   56.083218226031
 1410.000000  -2627.519058751225   56.709115678059
 1416.000000  -2549.794399727886   58.131435521821
 1422.000000  -2561.456216715024   57.933754583459
 1428.000000  -2596.552799188288   56.933554817626
 1434.000000  -2606.451734560610   56.719099129887
 1440.000000  -2620.948271045398   56.368134115349
 1446.000000  -2592.894442332079   56.859196335556
 1452.000000  -2615.134658769752   56.538468918579
 1458.000000  -2672.416892082902   55.234426540390
 1464.000000  -2606.482394652191   56.920189187155
 1470.000000  -2564.356601143277   58.199596700432
 1476.000000  -2613.357225948477   56.987211666711
 1482.000000  -2626.742039610036   57.345501464040
 1488.000000  -2581.325351263323   57.751831395934
 1494.000000  -2623.321239472418   56.783332054222
 1500.000000  -2642.627106101477   56.405261224435
 1506.000000  -2612.165771771803   56.958244297672
 1512.000000  -2573.482101523073   57.884615695373
 1518.000000  -2518.550086941374   59.078191896113
 1524.000000  -2605.066662134367   57.311394272967
 1530.000000  -2542.212860644419   58.580519404015
 1536.000000  -2595.156463274232   57.532719282736
 1542.000000  -2694.623506829469   55.424579947027
 1548.000000  -2639.820849843684   56.272605087313
 1554.000000  -2579.595518899322   57.465139821992
 1560.000000  -2621.793759351943   56.775739539163
 1566.000000  -2613.015962476466   57.296397190589
 1572.000000  -2573.171651822561   57.619442338037
 1578.000000  -2540.244474420156   59.233236569094
 1584.000000  -2619.366499200288   56.665802685978
 1590.000000  -2619.804486116692   56.690491671321
 1596.000000  -2520.151911495578   58.386604339640
 1602.000000  -2631.261819097602   56.464111028441
 1608.000000  -2605.882899386895   56.997871796853
 1614.000000  -2557.358786827862   58.105412018315
 1620.000000  -2605.307794060906   57.193086557795
 1626.000000  -2598.530662926743   57.268225571410
 1632.000000  -2636.579423284603   56.464847289992
 1638.000000  -2577.908738019151   57.180860227400
 1644.000000  -2579.414817565571   57.398520596153
 1650.000000  -2644.838706492864   56.246066036626
 1656.000000  -2593.230881091005   56.596190798257
 1662.000000  -2536.562342993001   57.545376065586
 1668.000000  -2635.610073433968   56.596342948569
 1674.000000  -2558.710772829882   57.785553189134
 1680.000000  -2614.918032461724   56.559359974174
 1686.000000  -2643.776238710911   56.093415377393
 1692.000000  -2602.260436553761   57.072173952716
 1698.000000  -2635.211627859304   55.983437212978
 1704.000000  -2628.326003772813   57.005588740200
 1710.000000  -2633.758943474038   56.967125747845
 1716.000000  -2543.816967029741   58.878280902081
 1722.000000  -2566.295274242850   58.277526091563
 1728.000000  -2586.877549908023   57.346232710455
 1734.000000  -2593.330733541298   56.736487649172
 1740.000000  -2602.412671277587   56.699034920349
 1746.000000  -2658.026861985943   56.286532219091
 1752.000000  -2594.305002383104   57.081239949902
 1758.000000  -2587.345469422078   57.395943396958
 1764.000000  -2603.575545423714   57.174385648062
 1770.000000  -2658.692492093413   56.265071208556
 1776.000000  -2534.348769707071   59.234127697591
 1782.000000  -2521.665906456371   58.944311008155
 1788.000000  -2600.623090706583   57.239407814830
 1794.000000  -2582.616401843933   57.728600001726
 1800.000000  -2648.324151912581   56.558294765205
 1806.000000  -2622.356310528835   57.163409511909
 1812.000000  -2634.368965391577   55.452729162274
 1818.000000  -2566.903945199388   58.196292841079
 1824.000000  -2620.304937366257   56.943715632370
 1830.000000  -2611.872858006913   56.602338909500
 1836.000000  -2557.015202103637   57.926693162289
 1842.000000  -2581.122935391616   56.674645288172
 1848.000000  -2537.702168511403   57.871542256340
 1854.000000  -2679.821677191751   55.468131714116
 1860.000000  -2504.990948515705   58.567654997319
 1866.000000  -2662.507573149791   56.118202349074
 1872.000000  -2564.748022518728   57.352032720214
 1878.000000  -2576.987539945721   57.310009203941
 1884.000000  -2530.793969941006   58.312527932248
 1890.000000  -2586.915424291373   57.798651871064
 1896.000000  -2609.072884586345   56.616745982221
 1902.000000  -2616.901036739625   56.671925838723
 1908.000000  -2600.295942813837   56.679897078130
 1914.000000  -2641.147501156607   56.676267070550
 1920.000000  -2616.486928997479   56.771060283423
 1926.000000  -2604.202007395557   56.767490671681
 1932.000000  -2598.313916130055   57.520959833003
 1938.000000  -2568.059886697086   58.044610099781
 1944.000000  -2563.147703317966   57.589249742380
 1950.000000  -2558.465618268754   58.336765236918
 1956.000000  -2596.817196978413   57.682342249225
 1962.000000  -2649.751857333735   55.924628076530
 1968.000000  -2619.556743669405   56.458955824348
 1974.000000  -2524.800467266561   57.968751101232
 1980.000000  -2589.819893319414   56.855470880934
 1986.000000  -2637.840867839151   55.833000650006
 1992.000000  -2631.209312059873   56.838456874096
 1998.000000  -2593.242235257949   57.045736591032
 2004.000000  -2572.235425624609   57.766499036925
 2010.000000  -2561.697694268662   58.620042344235
 2016.000000  -2605.166600998469   56.567728699411
 2022.000000  -2632.216988269045   56.667137000857
 2028.000000  -2605.668338629012   57.245653953556
 2034.000000  -2615.582802869603   56.602384957290
 2040.000000  -2563.293601386136   57.948198823086
 2046.000000  -2545.628807489116   58.595739367141
 2052.000000  -2689.278802014745   54.944542609269
 2058.000000  -2570.745839549675   57.825745721220
 2064.000000  -2568.239229823210   57.517404162479
 2070.000000  -2624.503228612245   57.082838469617
 2076.000000  -2579.050841075798   57.877063152369
 2082.000000  -2508.649609729798   58.968013804337
 2088.000000  -2589.553657786270   57.539392303917
 2094.000000  -2524.299009111215   59.084961471685
 2100.000000  -2567.179085809533   57.945115311227
 2106.000000  -2682.069026613017   56.011608479685
 2112.000000  -2589.850293561874   57.480283599224
 2118.000000  -2532.552448044442   58.421118224559
 2124.000000  -2512.430373275038   59.003313888387
 2130.000000  -2594.707828287921   56.887380536022
 2136.000000  -2611.852693374311   56.676920508598
 2142.000000  -2579.779510799790   57.602879157658
 2148.000000  -2595.043432494994   57.149940279574
 2154.000000  -2587.046636357426   57.283412805259
 2160.000000  -2649.680691201368   55.900724339633
 2166.000000  -2611.246279562860   56.812904518925
 2172.000000  -2568.872572092858   57.391974036506
 2178.000000  -2666.633144808772   55.769796825702
 2184.000000  -2558.299133091117   58.150773447592
 2190.000000  -2635.066768405849   56.266344585444
 2196.000000  -2608.240485660126   56.629712277089
 2202.000000  -2615.158474210274   56.952864339871
 2208.000000  -2683.575700709625   55.904115446442
 2214.000000  -2628.418068302182   56.184119578339
 2220.000000  -2581.272453866875   56.634722531144
 2226.000000  -2611.075626292798   56.763304825212
 2232.000000  -2623.250172057538   57.032571202292
 2238.000000  -2646.971735426918   56.626238225728
 2244.000000  -2662.062340784568   55.763126817477
 2250.000000  -2632.610112353503   56.863928161619
 2256.000000  -2575.578197144481   57.802967840416
 2262.000000  -2557.726588389623   58.332427782750
 2268.000000  -2555.865821169049   58.061619681753
 2274.000000  -2566.493151839210   57.744371905377
 2280.000000  -2674.037626734672   55.823738299894
 2286.000000  -2575.062165414581   57.398557696274
 2292.000000  -2611.917769464014   57.237395749269
 2298.000000  -2603.338313805437   57.060395131263
 2304.000000  -2604.187419079227   57.563956412908
 2310.000000  -2597.910124911552   57.310632286165
 2316.000000  -2601.422688747491   57.765220896118
 2322.000000  -2603.743358613010   57.114820997394
 2328.000000  -2640.192791184384   56.143661458846
 2334.000000  -2581.943623251772   57.477776716687
 2340.000000  -2639.361745365190   56.004541525584
 2346.000000  -2612.615553884446   57.754790084892
 2352.000000  -2609.119140682400   57.386205633130
 2358.000000  -2683.180505269397   55.511575503177
 2364.000000  -2527.787486659655   58.289321416174
 2370.000000  -2555.209267307357   57.764117113514
 2376.000000  -2641.062498021420   56.224622044994
 2382.000000  -2632.535934829879   56.989344086116
 2388.000000  -2546.602132905924   57.770714760647
 2394.000000  -2577.044124164846   57.535639122468
 2400.000000  -2575.864880465792   57.767589758077
 2406.000000  -2549.557182608004   58.624069092801
 2412.000000  -2632.880765049502   56.797178689033
 2418.000000  -2659.479220613382   55.931476448238
 2424.000000  -2600.567812183047   56.460859909232
 2430.000000  -2628.066521531773   56.358011421929
 2436.000000  -2633.838832966085   56.836012178180
 2442.000000  -2691.540406970407   55.128720974331
 2448.000000  -2591.691971267054   56.931904901894
 2454.000000  -2587.512136181716   57.132863689905
 2460.000000  -2635.814247035686   56.552746483957
 2466.000000  -2645.461026388236   56.574209397722
 2472.000000  -2664.125692974113   55.357067664797
 2478.000000  -2577.805792139132   57.077262627013
 2484.000000  -2648.120850471482   56.436604030504
 2490.000000  -2538.030533412262   58.282226733830
 2496.000000  -2599.564867595438   56.616758587462
 2502.000000  -2616.605490652571   57.027544288095
 2508.000000  -2622.695716968096   57.218619019506
 2514.000000  -2618.017012506696   56.709610082359
 2520.000000  -2569.294909625583   57.951762181503
 2526.000000  -2682.130899515982   55.918843908859
 2532.000000  -2596.532806264091   56.882053931689
 2538.000000  -2643.426935074946   56.334139797679
 2544.000000  -2566.395557744223   58.029609778815
 2550.000000  -2560.027142888618   57.875605542801
 2556.000000  -2581.396666242910   57.491835970772
 2562.000000  -2570.726107587669   57.305919378230
 2568.000000  -2635.134482757502   56.289472958324
 2574.000000  -2627.698506100394   56.649465288366
 2580.000000  -2579.411664760952   57.706798011641
 2586.000000  -2585.729319001293   57.457041224475
 2592.000000  -2665.502671257528   55.763739125037
 2598.000000  -2683.535496233444   55.745314735315
 2604.000000  -2624.962560553553   56.934851839317
 2610.000000  -2619.596411691235   56.895363115032
 2616.000000  -2632.045843172712   57.168509925378
 2622.000000  -2576.451856792977   57.798384172203
 2628.000000  -2652.918187073675   56.615387025084
 2634.000000  -2621.285511421977   56.271311379350
 2640.000000  -2594.689659013424   57.011082076581
 2646.000000  -2600.394608031518   57.178352057577
 2652.000000  -2538.102916114213   58.196485041282
 2658.000000  -2588.337925607633   58.175809031725
 2664.000000  -2599.854630851471   57.769035595279
 2670.000000  -2529.390315516761   58.282956683627
 2676.000000  -2603.189942059386   57.128052623691
 2682.000000  -2683.101918463360   55.509613101342
 2688.000000  -2568.902423990317   57.558771549207
 2694.000000  -2599.226049250444   56.900901790775
 2700.000000  -2594.028752908460   56.807649970877
 2706.000000  -2595.460041036908   56.433779344233
 2712.000000  -2562.079539180497   58.767676776463
 2718.000000  -2644.677498839060   56.493264106181
 2724.000000  -2619.087203597806   56.960551438651
 2730.000000  -2605.058473582060   56.624405938688
 2736.000000  -2675.762158151266   55.168069440438
 2742.000000  -2678.164137142244   56.079318683079
 2748.000000  -2677.999513779115   55.255418924566
 2754.000000  -2599.008132288311   56.461818809941
 2760.000000  -2652.761669245883   55.465171973667
 2766.000000  -2677.919240360095   54.881942445822
 2772.000000  -2561.249492324360   57.903434771948
 2778.000000  -2512.249783633882   58.652326630419
 2784.000000  -2601.051785594547   57.308361537228
 2790.000000  -2582.598811150928   57.240913037234
 2796.000000  -2615.585096429665   56.579864887338
 2802.000000  -2561.281960861204   57.820721398674
 2808.000000  -2534.843510406636   58.328767809314
 2814.000000  -2647.137286951336   56.461053693289
 2820.000000  -2596.890796991717   57.187443723132
 2826.000000  -2612.538030317070   57.144562623846
 2832.000000  -2652.495712125569   56.015766646550
 2838.000000  -2529.251092248732   57.899715145967
 2844.000000  -2656.626258970943   56.052239253989
 2850.000000  -2690.916130223589   55.523952991955
 2856.000000  -2598.184319875090   56.775735815027
 2862.000000  -2586.078006696601   57.505397302536
 2868.000000  -2575.554566353404   57.670342136787
 2874.000000  -2590.270051764453   57.429445673291
 2880.000000  -2586.270458629318   56.731437363858
 2886.000000  -2661.681880865443   56.078751165944
 2892.000000  -2640.983361002188   56.250884071546
 2898.000000  -2644.621064053418   55.652426037649
 2904.000000  -2617.013614073637   56.413169355858
 2910.000000  -2592.515695615999   56.694236050600
 2916.000000  -2673.436323400186   55.771737389472
 2922.000000  -2593.073626795364   57.693540828800
 2928.000000  -2546.536140309464   58.139917040822
 2934.000000  -2625.275696878810   56.289802937457
 2940.000000  -2585.930510762028   56.922030287083
 2946.000000  -2560.968255557644   57.554518714618
 2952.000000  -2530.754291535132   58.446104971552
 2958.000000  -2581.963779924372   57.167598980568
 2964.000000  -2671.808642236915   55.728338956882
 2970.000000  -2601.465396574154   57.195655451224
 2976.000000  -2636.246785522627   56.268656152307
 2982.000000  -2639.496464864156   56.571356871798
 2988.000000  -2598.771631426134   57.086968748547
 2994.000000  -2600.167439112994   57.179114730805
 3000.000000  -2615.199369486661   56.317221736120
 3006.000000  -2632.623057613001   56.672876771794
 3012.000000  -2605.390300238078   57.083126746814
 3018.000000  -2566.891552363550   58.490644955893
 3024.000000  -2611.688246721643   56.703749458927
 3030.000000  -2612.143117624051   57.066974037058
 3036.000000  -2537.752903083298   58.909490109076
 3042.000000  -2595.353491606164   57.340143828214
 3048.000000  -2604.902851002588   57.905743590354
 3054.000000  -2604.652927125770   57.185918659613
 3060.000000  -2580.073846660298   57.800161910529
 3066.000000  -2635.564264197320   56.377991271765
 3072.000000  -2588.385581719343   57.636698377316
 3078.000000  -2600.970293677583   56.739772562248
 3084.000000  -2643.960931753192   56.427203021318
 3090.000000  -2609.501503094966   56.405793727077
 3096.000000  -2619.503797248021   56.738043008971
 3102.000000  -2628.100663221522   56.498037749888
 3108.000000  -2536.040035880121   57.495227504593
 3114.000000  -2627.037510720578   56.091514580557
 3120.000000  -2637.868563312440   56.402114703435
 3126.000000  -2642.690151703025   56.799350065595
 3132.000000  -2555.113881357879   58.236797443843
 3138.000000  -2572.444650148682   57.379764240645
 3144.000000  -2575.691069440983   57.238633670806
 3150.000000  -2546.434584120748   58.680397409782
 3156.000000  -2637.274055624346   56.813443942585
 3162.000000  -2621.812700405758   57.197296439167
 3168.000000  -2647.878629790465   55.773386566251
 3174.000000  -2658.077878504562   56.272386292328
 3180.000000  -2516.364316849138   58.692644687525
 3186.000000  -2542.993253762857   58.363536022276
 3192.000000  -2532.752966702074   58.643994646048
 3198.000000  -2629.151843266764   56.715019978224
 3204.000000  -2643.383156445378   55.771776221127
 3210.000000  -2648.773348076765   55.405026690442
 3216.000000  -2614.970019920170   56.677664625428
 3222.000000  -2598.790721380243   56.936026532723
 3228.000000  -2613.395796066076   57.476876268934
 3234.000000  -2639.894890468008   57.154185811519
 3240.000000  -2612.353384304885   57.409649178640
 3246.000000  -2622.618666368385   56.803176815452
 3252.000000  -2655.266033265723   56.096091471740
 3258.000000  -2572.478056533835   56.982630769658
 3264.000000  -2593.808885644233   57.012532256636
 3270.000000  -2573.955806233345   56.913481755051
 3276.000000  -2584.834411405672   56.854675609992
 3282.000000  -2596.519553102706   57.284007049235
 3288.000000  -2588.430702170588   56.762282969626
 3294.000000  -2691.195897010955   55.335134700273
 3300.000000  -2598.976240416553   56.416087567603
 3306.000000  -2591.603947095268   56.899012410044
 3312.000000  -2542.303370414075   58.204475066047
 3318.000000  -2648.667864013792   56.600851564174
 3324.000000  -2586.447139313776   57.318620436119
 3330.000000  -2623.950573006728   56.679834311893
 3336.000000  -2633.502834002236   55.903414478524
 3342.000000  -2587.951457950851   57.578298731283
 3348.000000  -2557.186123006815   58.466837590520
 3354.000000  -2571.860597056408   57.362087029035
 3360.000000  -2574.730120532000   57.338482499306
 3366.000000  -2586.062392012473   56.856978676921
 3372.000000  -2542.868045984403   58.353212004137
 3378.000000  -2609.974499658703   56.951735866159
 3384.000000  -2590.077987232693   57.313898214521
 3390.000000  -2658.807198258388   56.020011741245
 3396.000000  -2615.462225789758   56.611741520787
 3402.000000  -2601.743785260810   56.565898399263
 3408.000000  -2605.679710518957   56.655252207561
 3414.000000  -2626.732886222364   56.494730924328
 3420.000000  -2572.611664721629   57.143581138189
 3426.000000  -2545.172955001228   58.754259621574
 3432.000000  -2592.613619745214   57.470623314795
 3438.000000  -2549.509370657858   57.782946094149
 3444.000000  -2559.791345658135   57.135438355655
 3450.000000  -2592.032241384571   57.760319001138
 3456.000000  -2594.703973868500   57.413430725170
 3462.000000  -2629.764605111405   57.040710981010
 3468.000000  -2581.832209124472   57.684822237798
 3474.000000  -2629.844753518772   56.768372160100
 3480.000000  -2611.820063447848   56.565003230143
 3486.000000  -2620.368690892763   56.545807829519
 3492.000000  -2663.650527368089   56.496752520460
 3498.000000  -2582.215551522109   57.581724492002
 3504.000000  -2560.677364101132   58.053141979403
 3510.000000  -2555.460486963963   58.420055615086
 3516.000000  -2510.884132163493   59.724858552893
 3522.000000  -2594.007664680719   57.265423165226
 3528.000000  -2555.771066160147   57.742877933992
 3534.000000  -2580.186761191400   57.581007930882
 3540.000000  -2594.635056154259   57.398322651189
 3546.000000  -2575.625161294682   58.197066432763
 3552.000000  -2632.458873116986   56.920702920953
 3558.000000  -2594.723727766966   57.289958289370
 3564.000000  -2613.772919783909   56.959138565356
 3570.000000  -2540.773348881921   58.710929770927
 3576.000000  -2675.071548824607   55.503311158602
 3582.000000  -2548.489050842875   57.732106592378
 3588.000000  -2603.961588060733   57.439536710821
 3594.000000  -2590.425371205381   57.304634569615
 3600.000000  -2666.397965483121   55.458030957059
 3606.000000  -2567.910181427562   57.494244458034
 3612.000000  -2633.222001446031   56.643556773055
 3618.000000  -2596.589332515899   57.276456696406
 3624.000000  -2628.251138747002   57.325139231796
 3630.000000  -2635.633399952981   56.152091227727
 3636.000000  -2641.732088918027   56.348123144739
 3642.000000  -2531.529370135212   58.484746789107
 3648.000000  -2575.829092398745   57.847581358599
 3654.000000  -2539.081839782507   58.405254414465
 3660.000000  -2586.229456126439   57.823399777495
 3666.000000  -2602.841115335868   57.568564863629
 3672.000000  -2657.952916609384   56.227797229291
 3678.000000  -2551.839380485488   57.658108988316
 3684.000000  -2655.662358516066   56.089282300164
 3690.000000  -2665.730076427730   55.845950368524
 3696.000000  -2608.303422897839   57.333209045291
 3702.000000  -2602.850751144322   56.668657233667
 3708.000000  -2608.672922435001   57.108250178183
 3714.000000  -2601.265258049624   56.483268652995
 3720.000000  -2685.984562755281   55.287738730100
 3726.000000  -2633.164594883202   56.142822703697
 3732.000000  -2571.104367810133   58.034407715053
 3738.000000  -2609.241952844385   56.659413267842
 3744.000000  -2634.965169926682   56.308107867099
 3750.000000  -2644.895531131166   56.149431209380
 3756.000000  -2605.365877561509   56.567032083335
 3762.000000  -2585.523096388902   57.462435644932
 3768.000000  -2593.302658304824   57.392315982199
 3774.000000  -2624.249134111642   56.118624581317
 3780.000000  -2595.209691771949   56.888490837137
 3786.000000  -2588.787888926613   57.463652655366
 3792.000000  -2645.307947696391   56.162756813362
 3798.000000  -2572.780473045111   58.005783291878
 3804.000000  -2595.554055442889   56.967399738333
 3810.000000  -2602.976902004159   57.691550174469
 3816.000000  -2584.137800847983   57.070797852733
 3822.000000  -2519.507440889962   58.700273280423
 3828.000000  -2553.317402052896   57.756013703580
 3834.000000  -2591.041122340253   56.950393846762
 3840.000000  -2593.653215936187   57.130973729247
 3846.000000  -2620.753258359683   56.187000354094
 3852.000000  -2560.833537923570   58.067725355341
 3858.000000  -2573.843867196998   57.852804910707
 3864.000000  -2549.901564710086   57.259619076007
 3870.000000  -2602.150406343126   57.056881686011
 3876.000000  -2620.218745523500   56.613450443131
 3882.000000  -2595.717413332547   57.568044823114
 3888.000000  -2601.850656972330   57.269174495328
 3894.000000  -2628.111575639457   56.380555843566
 3900.000000  -2650.448109990073   55.837930554210
 3906.000000  -2615.469019450400   56.858327808572
 3912.000000  -2610.716047874923   56.782806038599
 3918.000000  -2636.826137650438   56.319294701423
 3924.000000  -2573.383048590340   57.792729476735
 3930.000000  -2569.754673231464   57.174124945033
 3936.000000  -2608.966778625973   56.243634832228
 3942.000000  -2595.151987059411   56.871570934654
 3948.000000  -2562.358342791684   57.640473823515
 3954.000000  -2646.058764255562   56.554238677924
 3960.000000  -2674.955534391557   55.401615070962
 3966.000000  -2661.381076636012   55.271336550702
 3972.000000  -2621.546792427749   56.767607838164
 3978.000000  -2632.048074826834   56.568635090791
 3984.000000  -2580.866083147580   57.130787331832
 3990.000000  -2598.612159244925   56.949598136637
 3996.000000  -2555.734109392796   58.225211489051
 4002.000000  -2561.182183948349   58.286420639090
 4008.000000  -2643.936309944311   55.913291463008
 4014.000000  -2589.920332988936   57.268854422803
 4020.000000  -2561.417268441337   58.066637111611
 4026.000000  -2619.652351633046   56.912417354303
 4032.000000  -2637.322509015602   56.389132090090
 4038.000000  -2589.963122579839   57.632685436159
 4044.000000  -2632.705760197758   56.580343069369
 4050.000000  -2548.987278180182   58.062494265306
 4056.000000  -2584.153666105452   57.753116149776
 4062.000000  -2573.172314496304   57.889114903323
 4068.000000  -2627.228314900033   56.016832258209
 4074.000000  -2611.565596284451   57.405712891728
 4080.000000  -2571.642331616184   58.097109364762
 4086.000000  -2591.096489963883   56.850818995683
 4092.000000  -2573.586109250516   57.825647393611
 4098.000000  -2630.160561848806   56.393785547375
 4104.000000  -2588.890634741139   57.310459895127
 4110.000000  -2565.610788550092   58.242825607544
 4116.000000  -2612.635927958623   56.683427000289
 4122.000000  -2570.271723121019   57.732147716024
 4128.000000  -2627.271438627024   56.990441541041
 4134.000000  -2554.376330627956   57.348268080015
 4140.000000  -2619.060781809369   56.530421261015
 4146.000000  -2552.597505256953   58.421651349138
 4152.000000  -2652.169338963680   56.864758324847
 4158.000000  -2644.303090616605   56.479951148502
 4164.000000  -2534.148850976966   58.092132867761
 4170.000000  -2570.087818239491   57.602253487801
 4176.000000  -2532.803774340295   58.417053888055
 4182.000000  -2544.151477337180   58.196810825279
 4188.000000  -2591.249419520171   57.724884117323
 4194.000000  -2589.719637726820   57.093995851952
 4200.000000  -2616.934151985209   57.085133809572
 4206.000000  -2571.103266416595   57.641145433846
 4212.000000  -2584.915980539494   57.499999628039
 4218.000000  -2489.861062797631   59.777230298136
 4224.000000  -2581.413451350074   57.404274845375
 4230.000000  -2585.251655102068   57.513287734669
 4236.000000  -2616.809830609700   56.877205693939
 4242.000000  -2554.940098529838   57.872424205209
 4248.000000  -2612.363674911070   57.269253090285
 4254.000000  -2604.948118164430   56.794307055850
 4260.000000  -2534.007915311262   58.542962922795
 4266.000000  -2584.295786357416   57.359108824613
 4272.000000  -2592.550480194783   57.213431805639
 4278.000000  -2566.599189975757   57.492197097152
 4284.000000  -2554.664485066082   57.209645342068
 4290.000000  -2570.903888836731   57.573981934350
 4296.000000  -2563.897645708504   57.320693291402
 4302.000000  -2533.722619006412   57.727379944931
 4308.000000  -2605.795361433943   57.132878416142
 4314.000000  -2592.944252417054   57.688293224228
 4320.000000  -2631.527296222452   57.021836113559
 4326.000000  -2678.224360615893   55.595108396676
 4332.000000  -2581.460290778523   57.193567381649
 4338.000000  -2600.657798421105   56.801760973056
 4344.000000  -2643.512951363422   56.584142253994
 4350.000000  -2624.885257655505   56.624766249828
 4356.000000  -2624.594581482793   56.385207745639
 4362.000000  -2631.549512755869   56.731143927061
 4368.000000  -2575.103674787711   57.320389513496
 4374.000000  -2603.332120183106   57.314160921275
 4380.000000  -2559.524897138890   57.942816293154
 4386.000000  -2560.194333998319   57.679676074733
 4392.000000  -2573.823291512439   57.545793711178
 4398.000000  -2670.210968863801   55.169397508387
 4404.000000  -2644.079935758386   56.009494862611
 4410.000000  -2558.007844093832   57.009118950773
 4416.000000  -2615.933110308982   56.710890872068
 4422.000000  -2615.141802447941   57.208333389443
 4428.000000  -2616.381964274762   57.504881791281
 4434.000000  -2572.053983376710   57.346483283115
 4440.000000  -2607.325563854295   57.426016411609
 4446.000000  -2630.132792388649   56.543861688587
 4452.000000  -2557.618423402986   57.875928814721
 4458.000000  -2610.287848379825   57.168317427787
 4464.000000  -2646.607431986973   55.683810310933
 4470.000000  -2635.501799326234   56.513313523354
 4476.000000  -2630.038024964866   56.503038136140
 4482.000000  -2618.996071425038   56.757146213236
 4488.000000  -2607.771298856775   56.631701467041
 4494.000000  -2582.989188926682   56.958158032709
 4500.000000  -2606.288064250936   57.120242042021
 4506.000000  -2546.041005597601   58.352809637018
 4512.000000  -2597.786154474124   57.245562416220
 4518.000000  -2560.952864555677   57.436938944501
 4524.000000  -2622.098487399203   56.858047855111
 4530.000000  -2593.671093234491   57.454813734556
 4536.000000  -2643.137741750184   56.284539584065
 4542.000000  -2546.418943117128   58.151566084076
 4548.000000  -2603.231930849734   57.089013877534
 4554.000000  -2503.751396654179   59.006921919383
 4560.000000  -2614.605486384828   57.701698729839
 4566.000000  -2550.382982847450   58.033420114496
 4572.000000  -2543.353671309528   57.969108666305
 4578.000000  -2589.575066964000   57.260995083287
 4584.000000  -2607.819709755314   56.447273790636
 4590.000000  -2593.643525283828   56.431452196505
 4596.000000  -2625.604888204511   56.566826560930
 4602.000000  -2670.313578284995   56.161608829686
 4608.000000  -2639.097265484807   56.676581948968
 4614.000000  -2556.945970513913   58.041893527209
 4620.000000  -2587.271960544404   57.260895014563
 4626.000000  -2594.139797785553   57.265706843213
 4632.000000  -2598.810927610949   56.602453721908
 4638.000000  -2632.850347774246   56.204693574199
 4644.000000  -2562.630861129021   57.491719628807
 4650.000000  -2623.681770672187   55.890533035510
 4656.000000  -2583.120186372932   57.384032817865
 4662.000000  -2555.007853846197   58.343203030633
 4668.000000  -2590.819493442610   57.397593184401
 4674.000000  -2577.415923042931   57.622835083573
 4680.000000  -2578.983740286416   56.913470216639
 4686.000000  -2654.827489757321   56.175638584050
 4692.000000  -2602.121153962096   57.015231290978
 4698.000000  -2583.883423691741   56.785778422470
 4704.000000  -2616.862423132144   56.560156200873
 4710.000000  -2608.162354830283   56.416071799993
 4716.000000  -2617.762127378834   56.952062469812
 4722.000000  -2601.792145317378   57.389796007245
 4728.000000  -2614.329227747082   57.691525197766
 4734.000000  -2572.349000937298   57.778422161797
 4740.000000  -2588.508083268352   57.502535236837
 4746.000000  -2600.617410127219   57.348461718418
 4752.000000  -2604.842686090435   56.330167179203
 4758.000000  -2623.464700114224   56.733613735932
 4764.000000  -2565.289130359550   58.552597372826
 4770.000000  -2567.665283578770   57.219899959918
 4776.000000  -2565.780575842577   57.501296221136
 4782.000000  -2582.417904510227   57.577998061935
 4788.000000  -2679.526335602017   55.692387740829
 4794.000000  -2627.537199107457   57.092912807693
 4800.000000  -2620.039319201174   57.162311680148
 4806.000000  -2603.915060559058   57.351809070942
 4812.000000  -2577.058799882462   58.130032949537
 4818.000000  -2610.393221288897   56.790386181166
 4824.000000  -2636.730046473885   56.071005101770
 4830.000000  -2595.495570771804   57.136870551451
 4836.000000  -2621.482817170988   56.705883398702
 4842.000000  -2609.950222962736   56.979107155595
 4848.000000  -2649.516815377729   56.640734613099
 4854.000000  -2621.555152627998   56.506681854449
 4860.000000  -2583.301273922572   57.043801726651
 4866.000000  -2558.316209942208   57.660910437974
 4872.000000  -2560.447119057320   57.950216824158
 4878.000000  -2666.315602193702   56.050492876689
 4884.000000  -2521.689641295976   58.388619513162
 4890.000000  -2564.296423499578   57.697985710004
 4896.000000  -2592.088338861455   57.369697207232
 4902.000000  -2560.396153360138   58.362517839360
 4908.000000  -2500.730932938799   59.057263700888
 4914.000000  -2636.875251524278   56.749375432141
 4920.000000  -2603.791227871151   56.757630219988
 4926.000000  -2551.595778083735   57.498213332294
 4932.000000  -2589.795463101383   57.272350545531
 4938.000000  -2585.769856338323   57.040216270416
 4944.000000  -2684.617813597435   55.579718391503
 4950.000000  -2527.714345899961   58.844850582364
 4956.000000  -2614.068332694172   56.906310743630
 4962.000000  -2665.897814035405   56.193123282927
 4968.000000  -2466.691328038476   59.227738813542
 4974.000000  -2570.671141583226   57.593289657736
 4980.000000  -2600.772735020196   56.693970556886
 4986.000000  -2584.122720857689   56.924513544635
 4992.000000  -2586.504351995377   57.856590388944
 4998.000000  -2489.733018536861   59.820242884306
 5004.000000  -2553.383763089583   58.426295550220
 5010.000000  -2595.826321095259   57.365862243975
 5016.000000  -2591.274492884996   56.911477216243
 5022.000000  -2576.438468385984   57.294879845224
 5028.000000  -2607.707843314489   57.331701507674
 5034.000000  -2549.593509552994   58.013805653872
 5040.000000  -2612.698131104387   57.368096585168
 5046.000000  -2676.461134836347   56.210419579727
 5052.000000  -2651.986349867228   55.761808578909
 5058.000000  -2574.791824959624   57.125572964692
 5064.000000  -2617.668153834153   56.875168194920
 5070.000000  -2621.316244544409   56.924681305848
 5076.000000  -2617.642644461821   56.600584909090
 5082.000000  -2569.994227588613   57.402854196193
 5088.000000  -2599.341504206211   57.405252388141
 5094.000000  -2579.633528699124   57.828104137218
 5100.000000  -2612.579953224551   56.430957924133
 5106.000000  -2581.460066606843   57.440529755973
 5112.000000  -2588.546581245705   57.396109706084
 5118.000000  -2662.188578963782   56.411194388516
 5124.000000  -2581.207856580721   57.557311749872
 5130.000000  -2650.395900172796   56.632850706836
 5136.000000  -2565.213333523925   57.658730545600
 5142.000000  -2592.271143526038   57.896632439442
 5148.000000  -2600.166824251845   57.289080658841
 5154.000000  -2591.546987229707   57.217267600085
 5160.000000  -2623.092804570871   57.415450674359
 5166.000000  -2610.995985722903   56.713662342573
 5172.000000  -2584.930775511357   56.884196307831
 5178.000000  -2554.849105424374   57.509767159851
 5184.000000  -2669.491378904353   55.497965313867
 5190.000000  -2604.548385966372   57.427419657614
 5196.000000  -2625.098721416424   56.643292298825
 5202.000000  -2625.030921942530   56.379976907056
 5208.000000  -2648.832702489747   56.466646655248
 5214.000000  -2640.794967368337   56.514786818483
 5220.000000  -2618.069599698018   56.760633724213
 5226.000000  -2541.029590457246   57.987949390827
 5232.000000  -2715.226167863470   55.614488920406
 5238.000000  -2480.499522540134   59.840550252740
 5244.000000  -2632.040306508231   56.746248644880
 5250.000000  -2550.700429682634   58.687760990710
 5256.000000  -2569.387938771501   57.721260337968
 5262.000000  -2650.295112522467   56.728906149386
 5268.000000  -2605.209670724551   56.917210972773
 5274.000000  -2634.522378104370   56.062064027637
 5280.000000  -2594.104411318533   56.970345251443
 5286.000000  -2514.622288497233   58.692905601188
 5292.000000  -2662.213716293251   55.854369303937
 5298.000000  -2585.075813287692   57.315604992191
 5304.000000  -2609.156620918805   56.905192233443
 5310.000000  -2631.296630665200   56.384602784294
 5316.000000  -2562.087041858174   57.621393707634
 5322.000000  -2552.819766219074   58.370175822458
 5328.000000  -2554.671339261526   57.816005488240
 5334.000000  -2569.818519555565   57.792545267728
 5340.000000  -2636.388042498857   56.653065702231
 5346.000000  -2549.738793446915   58.411324686127
 5352.000000  -2573.853508679713   57.539097085694
 5358.000000  -2616.513897342307   57.224741665242
 5364.000000  -2645.674987306413   55.978841876610
 5370.000000  -2564.621092369648   57.696006925895
 5376.000000  -2596.132993734108   56.897128684236
 5382.000000  -2599.641631515907   57.070732677579
 5388.000000  -2643.731989406000   56.169603840831
 5394.000000  -2604.647260347638   56.708150712838
 5400.000000  -2636.772393138145   55.837583898947
 5406.000000  -2599.414478836413   56.599411908469
 5412.000000  -2595.742731884481   56.473753789817
 5418.000000  -2604.019785517737   56.582775065895
 5424.000000  -2643.670769661873   56.862568212776
 5430.000000  -2561.111787936924   57.769364362553
 5436.000000  -2553.969851876699   58.164432369949
 5442.000000  -2623.953709616885   56.961452628184
 5448.000000  -2570.815201534040   57.802993604718
 5454.000000  -2602.116370902269   56.511149923173
 5460.000000  -2629.462463674267   56.351312162547
 5466.000000  -2592.588892597686   56.990930505108
 5472.000000  -2615.015812926154   57.019639983635
 5478.000000  -2580.617353271966   57.347534906282
 5484.000000  -2538.420669819236   59.014776554734
 5490.000000  -2569.354790568938   57.466871544128
 5496.000000  -2600.872531568155   57.399032018997
 5502.000000  -2543.020597423903   58.191791555084
 5508.000000  -2582.563293668606   57.411472111691
 5514.000000  -2583.864960119962   57.309543549364
 5520.000000  -2588.144725930749   57.935051889424
 5526.000000  -2666.667502227783   56.623452730858
 5532.000000  -2530.071280424994   58.775155430721
 5538.000000  -2554.633715217941   58.328367832508
 5544.000000  -2597.127179728208   57.658445763443
 5550.000000  -2585.312068439747   57.282806126281
 5556.000000  -2550.263899839112   58.213887707959
 5562.000000  -2593.177330237983   57.093977461243
 5568.000000  -2616.849305150904   56.578358608981
 5574.000000  -2595.874650966256   56.999728087776
 5580.000000  -2596.874030688236   56.668941041181
 5586.000000  -2584.394128098178   57.073883395146
 5592.000000  -2636.268215165058   57.042394586346
 5598.000000  -2624.290707624855   56.874761292217
 5604.000000  -2591.186752654251   56.829583517642
 5610.000000  -2559.609614702681   58.171636722626
 5616.000000  -2537.861820634039   58.600611378638
 5622.000000  -2593.861504723154   57.532231926445
 5628.000000  -2583.533087465122   57.514318342546
 5634.000000  -2610.947573544895   57.319981486656
 5640.000000  -2606.690265872562   56.625943453006
 5646.000000  -2565.181500829172   57.155210339623
 5652.000000  -2535.802068757696   58.304129113550
 5658.000000  -2514.620169836271   58.509703777617
 5664.000000  -2612.482618402263   56.605249045529
 5670.000000  -2604.674793987831   56.537386345832
 5676.000000  -2569.535862944423   57.246055312523
 5682.000000  -2532.735056659505   58.352967421499
 5688.000000  -2554.889017325060   58.554159109800
 5694.000000  -2549.962137111966   58.388173135704
 5700.000000  -2568.972778859102   57.911145051768
 5706.000000  -2557.746789822861   58.513348603887
 5712.000000  -2627.707388551357   56.628297489095
 5718.000000  -2598.090787449225   56.836732453727
 5724.000000  -2594.002004700034   57.662353876480
 5730.000000  -2605.603936031232   56.356528862128
 5736.000000  -2627.867942168588   56.569676901629
 5742.000000  -2591.208956055992   56.999507973839
 5748.000000  -2581.569741357871   57.429015850092
 5754.000000  -2663.935255003720   55.885880521072
 5760.000000  -2562.170689030994   58.044212963599
 5766.000000  -2605.916090460911   57.518462897883
 5772.000000  -2641.420190138817   56.324417709170
 5778.000000  -2564.805525123214   57.996349803883
 5784.000000  -2554.169066091071   58.337582638948
 5790.000000  -2641.489683041291   56.393341191684
 5796.000000  -2568.164446655604   57.759788324073
 5802.000000  -2568.406270230264   57.368668910119
 5808.000000  -2629.537797591742   56.390447024703
 5814.000000  -2652.398993506198   56.447089604833
 5820.000000  -2649.448720471736   55.840861603377
 5826.000000  -2665.879194538359   55.900141944181
 5832.000000  -2616.141616636060   57.091904671920
 5838.000000  -2568.873623826851   57.205410727648
 5844.000000  -2657.189814512837   56.658527014762
 5850.000000  -2542.597928486072   57.948959437433
 5856.000000  -2617.280904016635   56.874813820502
 5862.000000  -2647.954410070240   57.306916875231
 5868.000000  -2577.597379052050   57.019224311258
 5874.000000  -2582.679661433499   57.233982636087
 5880.000000  -2573.883489353501   57.467739359715
 5886.000000  -2618.005164412434   57.118529499413
 5892.000000  -2542.221412455910   58.360656136825
 5898.000000  -2642.396065121501   55.899511395304
 5904.000000  -2598.667388087787   56.453066363196
 5910.000000  -2562.202498813022   56.510550427089
 5916.000000  -2619.513698824212   56.724344700102
 5922.000000  -2637.056660386515   56.904486693750
 5928.000000  -2555.563551922770   57.123806550399
 5934.000000  -2614.693625541545   56.260760397793
 5940.000000  -2641.536962396671   56.233982942870
 5946.000000  -2631.648339938059   56.402662474811
 5952.000000  -2580.531951915678   57.685052679987
 5958.000000  -2520.817256245493   58.548226398586
 5964.000000  -2527.985280110407   58.868423510269
 5970.000000  -2564.928656661602   57.790540142280
 5976.000000  -2533.794974654374   58.225387938983
 5982.000000  -2580.135349032831   57.943572262823
 5988.000000  -2570.258064006156   57.666892256149
 5994.000000  -2626.311286747630   56.928354757753
 6000.000000  -2602.005588855717   56.918631467975
