   0.000000  -2559.320450922218   56.404246333406
    6.000000  -2536.808036425565   56.859313312289
   12.000000  -2582.999753573282   56.045361670059
   18.000000  -2592.453455630583   55.718624748366
   24.000000  -2589.415407541457   54.987248741720
   30.000000  -2528.258215976574   56.608816298887
   36.000000  -2568.911536350816   55.587520201785
   42.000000  -2555.010926744271   55.534733914764
   48.000000  -2572.787309302377   56.259479985764
   54.000000  -2532.584125798134   56.180301976604
   60.000000  -2577.127630874756   56.316749303754
   66.000000  -2613.164541128242   55.415562162971
   72.000000  -2558.130946303099   56.720358614055
   78.000000  -2572.929672665670   56.399770106469
   84.000000  -2563.839038328022   56.792546940328
   90.000000  -2559.861613358579   56.727998177634
   96.000000  -2526.886734871450   57.837305631606
  102.000000  -2509.220782589819   56.654729004572
  108.000000  -2577.125064925413   55.671493817432
  114.000000  -2512.156059575466   58.025660612174
  120.000000  -2537.475231571759   57.396510702009
  126.000000  -2538.520499264672   57.021761480175
  132.000000  -2556.531673957593   56.430398884527
  138.000000  -2592.082812700919   55.758541809058
  144.000000  -2649.649965645652   54.910909500421
  150.000000  -2580.306823061149   55.558034476339
  156.000000  -2564.938668138439   56.710476585892
  162.000000  -2576.919374872557   56.594510892750
  168.000000  -2620.779760209823   55.373721528421
  174.000000  -2602.820296750185   56.190599662219
  180.000000  -2680.674321691942   54.052659518731
  186.000000  -2477.269991016955   57.876356903580
  192.000000  -2614.269688182033   54.747793400159
  198.000000  -2673.222146382264   54.241478262553
  204.000000  -2625.815460760370   54.615787119740
  210.000000  -2459.948982583447   58.784748239774
  216.000000  -2602.382377943394   55.889361021139
  222.000000  -2579.439229032625   56.077817050238
  228.000000  -2615.066953355033   56.283611138395
  234.000000  -2549.601993819512   56.124398213626
  240.000000  -2591.012451783609   55.705430328334
  246.000000  -2538.731617560576   56.801714161688
  252.000000  -2582.892581020854   55.988010596794
  258.000000  -2454.090585217946   57.908196365374
  264.000000  -2576.017614065551   56.288168707779
  270.000000  -2548.640151568843   55.660660315027
  276.000000  -2538.983752733058   56.780978450155
  282.000000  -2526.631910783157   56.978000640705
  288.000000  -2558.345936318127   56.405265180371
  294.000000  -2542.673930399386   56.739379795069
  300.000000  -2607.305048368157   55.996073998927
  306.000000  -2559.807049656843   55.721636309740
  312.000000  -2577.613714961609   55.888421242344
  318.000000  -2550.607045341199   57.501945139674
  324.000000  -2533.155917631597   56.567985229848
  330.000000  -2584.219204492356   56.537604329599
  336.000000  -2529.105075535643   57.183210011644
  342.000000  -2532.321868505815   56.630244658746
  348.000000  -2549.653258987601   56.598439978492
  354.000000  -2558.540722095468   56.596120118438
  360.000000  -2574.767036728996   56.265737023434
  366.000000  -2551.751949937585   56.813086814033
  372.000000  -2555.179784450950   57.239350987572
  378.000000  -2568.421881297327   56.383791541830
  384.000000  -2596.088497911963   55.667100300807
  390.000000  -2553.222699286426   57.453419934101
  396.000000  -2502.789980738009   58.124539794881
  402.000000  -2608.386394979931   55.698533750130
  408.000000  -2539.324222469632   57.195121549693
  414.000000  -2561.869984731980   56.245576035834
  420.000000  -2550.684988108049   57.133860647487
  426.000000  -2556.458136187210   56.581060812294
  432.000000  -2612.443735504352   54.810524918965
  438.000000  -2592.834843007042   55.657604221233
  444.000000  -2547.164744577266   56.208106119574
  450.000000  -2573.201291349342   56.386857406436
  456.000000  -2603.889316745901   56.361401156091
  462.000000  -2576.462508515079   56.328829821036
  468.000000  -2487.345811029373   58.217708539239
  474.000000  -2610.506176920481   56.308302631348
  480.000000  -2545.646487888866   57.213765607281
  486.000000  -2563.607160720486   56.120456252140
  492.000000  -2567.736495500163   55.649638873602
  498.000000  -2565.590544371624   55.966514535521
  504.000000  -2619.411609303800   55.573195648357
  510.000000  -2558.903752802269   56.043976013767
  516.000000  -2561.739720610438   56.724627740695
  522.000000  -2563.440163738891   56.349670911758
  528.000000  -2511.707407080986   56.930958736741
  534.000000  -2608.951368987934   55.440151400482
  540.000000  -2580.442963478406   56.214299406933
  546.000000  -2508.773585164673   57.043645423629
  552.000000  -2583.809701588510   56.257759952981
  558.000000  -2558.075383470798   56.320954481642
  564.000000  -2571.104100934097   56.078517156097
  570.000000  -2620.963514088232   54.825884684611
  576.000000  -2527.570132041754   57.498123814408
  582.000000  -2589.219699687937   56.174895057396
  588.000000  -2585.997197220775   56.097710216228
  594.000000  -2593.722227077826   55.441476804300
  600.000000  -2501.373694300918   56.887121927434
  606.000000  -2671.937462845919   54.394654369155
  612.000000  -2540.905806439859   56.777418098174
  618.000000  -2595.786045796313   56.115643039945
  624.000000  -2593.018748654539   56.005542122911
  630.000000  -2598.179802967337   56.308530042591
  636.000000  -2549.929165331876   56.503505972706
  642.000000  -2572.134040161365   56.531994950521
  648.000000  -2614.931437313302   55.407071953341
  654.000000  -2539.540452454647   57.096581550267
  660.000000  -2551.241520873035   55.460492892069
  666.000000  -2651.311307010244   54.357963017821
  672.000000  -2569.191083721161   56.596159269738
  678.000000  -2552.045716885889   56.895113656221
  684.000000  -2613.007842559726   55.634441994289
  690.000000  -2536.559677054780   56.978027653148
  696.000000  -2606.743777154806   55.898574141090
  702.000000  -2610.690233933332   55.138098022081
  708.000000  -2512.840900145687   56.563685038751
  714.000000  -2535.692293623511   56.585946448422
  720.000000  -2643.014414815702   55.232296579957
  726.000000  -2619.182249696938   55.112017109893
  732.000000  -2525.400924271822   57.623062512606
  738.000000  -2542.547682247519   56.344031376638
  744.000000  -2606.611389589868   56.043140859370
  750.000000  -2501.259017891183   57.541620384241
  756.000000  -2571.077491396864   56.217910016604
  762.000000  -2587.732882626678   56.281758142289
  768.000000  -2571.821785642697   56.474368132104
  774.000000  -2587.217965781684   56.163270296286
  780.000000  -2512.124966789180   57.690981209522
  786.000000  -2581.562624598310   56.418123924059
  792.000000  -2501.746995764463   57.564209811274
  798.000000  -2499.308541501994   56.782308012669
  804.000000  -2563.308694846149   56.179263375891
  810.000000  -2555.522057731360   56.444691231264
  816.000000  -2632.313163191294   53.870500386784
  822.000000  -2574.168757162860   55.827058906690
  828.000000  -2552.031514116848   56.519789075943
  834.000000  -2560.235986306741   57.147813160358
  840.000000  -2491.151179303546   58.240861475608
  846.000000  -2519.033712021510   56.871680415522
  852.000000  -2567.363526504401   56.925138327299
  858.000000  -2551.365851339141   57.266037919434
  864.000000  -2546.587662593295   56.751266545067
  870.000000  -2594.991495921010   55.380040136829
  876.000000  -2584.365747824795   56.302508224463
  882.000000  -2606.232493028390   55.292590220078
  888.000000  -2577.761342201265   55.890556268340
  894.000000  -2524.193459369155   57.048374503204
  900.000000  -2582.956853767610   56.243296269626
  906.000000  -2593.239951353790   55.736823795467
  912.000000  -2607.094304688890   55.617040565483
  918.000000  -2554.689566382423   56.463134784248
  924.000000  -2583.803714267370   55.310277103237
  930.000000  -2623.965422894677   55.147527422953
  936.000000  -2649.443190231061   54.829999137484
  942.000000  -2629.764428152735   54.565778073495
  948.000000  -2606.264625806676   55.838446646098
  954.000000  -2524.430603167475   57.149214957453
  960.000000  -2557.085885729358   56.915998930962
  966.000000  -2583.325885650387   56.843551889785
  972.000000  -2525.283066629427   57.032264068948
  978.000000  -2609.275725725897   55.772210410357
  984.000000  -2592.322627516182   55.789729964281
  990.000000  -2572.154002935691   55.971315216836
  996.000000  -2634.376377511628   55.678128238296
 1002.000000  -2558.478847394681   56.603443319830
 1008.000000  -2587.678518951546   56.306469707324
 1014.000000  -2577.742264718016   55.323457713272
 1020.000000  -2589.970051999721   55.069083457631
 1026.000000  -2613.753866124003   56.056536248680
 1032.000000  -2566.927746448539   56.553151459722
 1038.000000  -2596.792153294716   55.537529675466
 1044.000000  -2534.457659095148   56.536413569306
 1050.000000  -2561.008208004590   57.358894136759
 1056.000000  -2557.221908181635   56.913055541455
 1062.000000  -2586.494789672917   56.584371095647
 1068.000000  -2587.240678506576   56.182407208061
 1074.000000  -2605.623989155127   55.872702661553
 1080.000000  -2608.433252038777   55.130105035195
 1086.000000  -2627.553283124839   55.394904629949
 1092.000000  -2633.568892824953   55.015359573759
 1098.000000  -2511.190855164667   58.214814889278
 1104.000000  -2535.888353847743   56.687246519202
 1110.000000  -2615.233408039349   54.959717073375
 1116.000000  -2568.025466046447   55.071060794830
 1122.000000  -2577.676533442323   55.495112038154
 1128.000000  -2552.490675349765   56.536847155072
 1134.000000  -2552.236705115502   56.303099367885
 1140.000000  -2567.101090898776   55.627377087922
 1146.000000  -2571.625128596038   55.936302927725
 1152.000000  -2520.193230601741   57.103620242044
 1158.000000  -2652.764779142159   54.329417207454
 1164.000000  -2561.037496747797   56.644182190556
 1170.000000  -2620.125376839355   55.485826337583
 1176.000000  -2588.239753656419   55.764193852091
 1182.000000  -2569.221974051725   56.461169781962
 1188.000000  -2646.955465429576   54.293321462731
 1194.000000  -2538.464450299462   55.974472081318
 1200.000000  -2565.796452244759   55.695741298577
 1206.000000  -2612.937985665200   55.553724897920
 1212.000000  -2549.279416067860   57.188161451799
 1218.000000  -2510.809130165424   57.048297517336
 1224.000000  -2605.637327800878   55.465670429952
 1230.000000  -2531.196843591381   56.877651422439
 1236.000000  -2552.162892258239   56.866007873466
 1242.000000  -2603.804896508704   55.777373500563
 1248.000000  -2579.803611741578   56.502887138407
 1254.000000  -2604.555356558443   56.520594437512
 1260.000000  -2565.498656084098   57.330533854843
 1266.000000  -2567.023942971227   57.201843302466
 1272.000000  -2582.013823790212   55.429001824566
 1278.000000  -2565.451767717538   55.966651519757
 1284.000000  -2514.620455548546   57.684278015357
 1290.000000  -2588.130722493614   56.411380862083
 1296.000000  -2614.967562323351   55.370594174233
 1302.000000  -2600.746134125563   55.716748944003
 1308.000000  -2553.511028824877   56.442093851580
 1314.000000  -2579.118757271700   55.854896673989
 1320.000000  -2570.856967346595   55.883394964264
 1326.000000  -2664.957847862326   53.661643858102
 1332.000000  -2583.727372182927   56.256635307202
 1338.000000  -2602.127434698724   55.878002891795
 1344.000000  -2583.101101873162   55.845185041053
 1350.000000  -2570.405927395037   56.796075806064
 1356.000000  -2578.733688962608   56.280808519388
 1362.000000  -2544.448563610353   56.436206420687
 1368.000000  -2594.530861326704   55.656215929195
 1374.000000  -2524.501769102498   56.721024093614
 1380.000000  -2556.211252832513   56.277139983162
 1386.000000  -2582.212829656162   56.131023495626
 1392.000000  -2595.358285325699   56.254568388248
 1398.000000  -2585.249003540214   56.348214191277
 1404.000000  -2585.208467245789   55.915907251935
 1410.000000  -2604.086321747726   55.407999941239
 1416.000000  -2598.488935037068   55.405598732601
 1422.000000  -2539.377637497259   56.446225947192
 1428.000000  -2549.399493880856   56.160614757917
 1434.000000  -2531.767605298610   56.050540401073
 1440.000000  -2610.692325783481   55.371694623660
 1446.000000  -2499.633370360327   56.939880424342
 1452.000000  -2526.859462246457   57.326466188902
 1458.000000  -2585.383664228864   55.904438627882
 1464.000000  -2521.294502887167   57.305914101184
 1470.000000  -2539.363157273054   57.086825436274
 1476.000000  -2479.730836884927   58.505860685456
 1482.000000  -2524.814635068122   56.447366894535
 1488.000000  -2453.045643193942   58.433717046626
 1494.000000  -2532.579688777721   56.503810531528
 1500.000000  -2609.198952890881   55.539934247168
 1506.000000  -2551.680423037975   57.409249436597
 1512.000000  -2496.704154864309   58.021396041369
 1518.000000  -2557.607856099528   56.484666699606
 1524.000000  -2511.290660754785   57.214957340417
 1530.000000  -2615.526610383029   55.674066514514
 1536.000000  -2572.842085750845   55.928874430387
 1542.000000  -2612.686111273163   55.498114619114
 1548.000000  -2518.113038814021   57.304723097615
 1554.000000  -2582.572120854624   56.495143093845
 1560.000000  -2499.729371362603   56.746516603039
 1566.000000  -2530.555334175259   56.596314742967
 1572.000000  -2611.080854967302   55.727968829895
 1578.000000  -2563.271495212915   57.158385578791
 1584.000000  -2542.717545118371   56.904912303227
 1590.000000  -2555.754476466804   56.674813714009
 1596.000000  -2505.611349312951   57.246618752853
 1602.000000  -2565.275357438580   56.078075982939
 1608.000000  -2580.704112973301   55.620263189014
 1614.000000  -2562.286705582676   55.863582017963
 1620.000000  -2605.277013973933   55.906751630287
 1626.000000  -2532.080292431287   56.550968246358
 1632.000000  -2603.368404689877   55.529922888925
 1638.000000  -2571.517057362715   55.589252900878
 1644.000000  -2572.467460861132   56.022125894112
 1650.000000  -2591.053615282876   55.467337921601
 1656.000000  -2621.934589218742   54.644091543633
 1662.000000  -2629.806981522444   54.821371043055
 1668.000000  -2581.460112736816   55.993496453825
 1674.000000  -2532.843996617818   57.769466903928
 1680.000000  -2545.200221468125   56.856600618810
 1686.000000  -2571.910592274989   56.395484180872
 1692.000000  -2540.825287748436   56.634430090342
 1698.000000  -2518.039590094409   57.129942274722
 1704.000000  -2556.615445182887   56.218183141009
 1710.000000  -2582.051523651129   55.824238227037
 1716.000000  -2634.658259317202   55.519683933810
 1722.000000  -2580.156982360652   55.623293407329
 1728.000000  -2580.989415063823   55.378045649346
 1734.000000  -2589.698873670530   55.524270607384
 1740.000000  -2610.589399976521   55.642557275291
 1746.000000  -2533.928192886932   56.332182465510
 1752.000000  -2587.210082858585   55.607005088597
 1758.000000  -2587.098184615816   55.989365780336
 1764.000000  -2626.232667060098   55.369895765750
 1770.000000  -2582.936807764656   56.046659037342
 1776.000000  -2570.914198126765   56.100464489941
 1782.000000  -2588.313867509337   55.535406344954
 1788.000000  -2551.764810487769   57.179142097819
 1794.000000  -2538.171499747048   57.246035187593
 1800.000000  -2526.142619027853   57.118117652641
 1806.000000  -2603.338268165483   55.774736729154
 1812.000000  -2609.218525099020   55.284237509293
 1818.000000  -2486.973069774982   58.463118270336
 1824.000000  -2528.458317863871   57.922994127515
 1830.000000  -2557.405547539195   56.636843129151
 1836.000000  -2587.046071953670   57.032162614121
 1842.000000  -2513.822408986757   57.075739001610
 1848.000000  -2574.817888913041   56.125515868819
 1854.000000  -2510.995691417053   57.227444518306
 1860.000000  -2640.113999420200   54.545008117237
 1866.000000  -2591.974374958056   55.578149522095
 1872.000000  -2618.719934315744   54.690741845291
 1878.000000  -2586.035544228243   55.777670669653
 1884.000000  -2557.508362935117   57.124247109181
 1890.000000  -2517.719426584160   57.153057769468
 1896.000000  -2640.893821052923   55.335132799656
 1902.000000  -2563.106881397293   56.229379606652
 1908.000000  -2557.744375515062   56.366100172321
 1914.000000  -2602.685863112610   55.135341915725
 1920.000000  -2527.929420806486   56.157947487527
 1926.000000  -2601.272755390650   55.189827032897
 1932.000000  -2559.179323834994   56.643283675143
 1938.000000  -2472.488654900540   58.184936010982
 1944.000000  -2676.639965322282   53.760889814552
 1950.000000  -2611.846436796226   55.288867113659
 1956.000000  -2641.187888378527   54.829426963220
 1962.000000  -2497.166650355202   58.218677923651
 1968.000000  -2533.723754080002   56.423571450575
 1974.000000  -2530.023377881294   56.616266292094
 1980.000000  -2503.225158194867   57.605716747821
 1986.000000  -2518.809637788573   57.463966904189
 1992.000000  -2583.195702799691   55.777271161603
 1998.000000  -2513.877068161594   57.459756529376
 2004.000000  -2582.610329948429   55.485766837185
 2010.000000  -2582.093349719733   56.028351145768
 2016.000000  -2609.729408104061   54.995396913704
 2022.000000  -2603.798590314752   54.889666485245
 2028.000000  -2535.112352551496   56.295722196716
 2034.000000  -2572.735774016889   56.482412610984
 2040.000000  -2587.980877399391   55.795134317219
 2046.000000  -2581.931663554231   55.391338248706
 2052.000000  -2532.098231167240   57.030785284268
 2058.000000  -2622.749505361015   55.779527353307
 2064.000000  -2637.822139040276   55.023948679187
 2070.000000  -2575.240218709222   56.825213925695
 2076.000000  -2551.577200249530   56.228191596109
 2082.000000  -2604.844418765101   55.775521849848
 2088.000000  -2616.722445383254   54.972125730740
 2094.000000  -2625.302846828122   54.810528589878
 2100.000000  -2666.412889539084   54.443675833474
 2106.000000  -2464.988231159070   58.921801569991
 2112.000000  -2573.463782791728   56.596036211338
 2118.000000  -2589.992024561979   55.824202434803
 2124.000000  -2584.085552174766   55.512554437597
 2130.000000  -2587.922812093850   55.698465053586
 2136.000000  -2533.123000807562   56.985042724414
 2142.000000  -2600.111809486947   55.847540115029
 2148.000000  -2484.166424877775   57.858122156643
 2154.000000  -2592.572348486226   56.387495914805
 2160.000000  -2587.472446389889   55.730318473059
 2166.000000  -2617.054411099100   55.167394443887
 2172.000000  -2530.715674742932   56.579318749756
 2178.000000  -2532.271316348121   57.557518543872
 2184.000000  -2543.985379259058   56.736435192591
 2190.000000  -2574.497824482058   56.107322669324
 2196.000000  -2525.069159548506   57.196685821760
 2202.000000  -2494.140534584549   58.266193965885
 2208.000000  -2592.871735187418   55.693080172020
 2214.000000  -2629.691101432226   53.747435122774
 2220.000000  -2606.187077313792   55.469666864747
 2226.000000  -2599.538643611271   56.066168365412
 2232.000000  -2573.395937794598   56.491306558092
 2238.000000  -2590.338722218391   55.721700993649
 2244.000000  -2537.858251473409   57.336847094270
 2250.000000  -2590.879043771524   55.451565651074
 2256.000000  -2608.168309701279   55.973796130637
 2262.000000  -2564.180881969363   56.922265449106
 2268.000000  -2605.765220552596   54.768723150741
 2274.000000  -2561.244556597681   56.333394166343
 2280.000000  -2547.107233712010   56.582267304221
 2286.000000  -2604.915060254421   55.581975208583
 2292.000000  -2525.479656409587   56.216361395426
 2298.000000  -2553.975975983536   56.351932355012
 2304.000000  -2554.791663196993   56.101773769962
 2310.000000  -2613.989165834538   55.514574939823
 2316.000000  -2622.221906473102   55.169179428790
 2322.000000  -2651.611343362193   54.790511051275
 2328.000000  -2610.148701810917   55.595660568519
 2334.000000  -2620.309459573969   55.684952703579
 2340.000000  -2535.260766874650   56.621448907033
 2346.000000  -2569.079247800839   56.782768034947
 2352.000000  -2623.942081170605   55.102970987651
 2358.000000  -2575.630292035767   56.180946543150
 2364.000000  -2643.210411071038   55.449316297265
 2370.000000  -2531.946845225075   57.142592050124
 2376.000000  -2562.165489347556   56.083274717441
 2382.000000  -2591.890714122379   56.051265887832
 2388.000000  -2612.031698627236   55.668195749167
 2394.000000  -2487.585693979021   57.553096486019
 2400.000000  -2482.134823376513   57.494160842556
 2406.000000  -2532.033081192945   57.315056166073
 2412.000000  -2546.982466821078   57.412636373660
 2418.000000  -2555.519715113021   56.327647277803
 2424.000000  -2577.370291931749   56.517126437012
 2430.000000  -2537.391326066754   57.223700932617
 2436.000000  -2568.592042147692   56.468451254938
 2442.000000  -2553.247024217076   56.195573230911
 2448.000000  -2578.979176454681   56.423919822091
 2454.000000  -2573.977989177064   55.807844256395
 2460.000000  -2607.411758330133   55.124087812161
 2466.000000  -2566.956884511063   55.545477153286
 2472.000000  -2586.447698127668   55.977116822520
 2478.000000  -2595.327545683871   54.688283488067
 2484.000000  -2488.904017774205   57.637655229413
 2490.000000  -2627.669921064880   55.114488690024
 2496.000000  -2570.399731068960   55.471760424977
 2502.000000  -2636.187488939092   54.910906057308
 2508.000000  -2598.260793989914   55.760133597128
 2514.000000  -2590.720973960943   55.624919275728
 2520.000000  -2551.071858543453   56.975382066493
 2526.000000  -2531.754665837115   57.170944477976
 2532.000000  -2551.712927243384   56.780946452527
 2538.000000  -2561.084010710754   56.890857328601
 2544.000000  -2530.293774336901   57.146145577936
 2550.000000  -2594.848593466765   56.234854688240
 2556.000000  -2562.034530230643   56.780638417399
 2562.000000  -2535.348978781926   56.631313529671
 2568.000000  -2625.150322008303   55.520173547142
 2574.000000  -2463.635350696264   58.281188348443
 2580.000000  -2567.011763669994   56.204230310724
 2586.000000  -2610.210578156386   55.530977822610
 2592.000000  -2575.118173942607   55.659563425186
 2598.000000  -2545.642148770386   57.012468526885
 2604.000000  -2592.171363967408   55.945472904254
 2610.000000  -2572.664200381209   55.882689544931
 2616.000000  -2536.442277730471   56.836460222471
 2622.000000  -2600.784683155659   55.676103845651
 2628.000000  -2591.028697316503   55.237940180624
 2634.000000  -2509.239255998850   57.013765376838
 2640.000000  -2599.874069580163   56.649749055822
 2646.000000  -2528.801988825688   56.787742348369
 2652.000000  -2548.921503426223   57.506248842015
 2658.000000  -2499.506080684821   57.403251849606
 2664.000000  -2492.356334753173   57.545071818990
 2670.000000  -2572.875857706478   55.585139014227
 2676.000000  -2614.515837359711   55.045129743074
 2682.000000  -2571.275301598916   56.361842712301
 2688.000000  -2537.227024781365   56.529847026651
 2694.000000  -2559.195678218223   56.132031347706
 2700.000000  -2599.646122294888   56.045988044800
 2706.000000  -2615.775129929681   55.723048478742
 2712.000000  -2602.242147002392   55.632346318121
 2718.000000  -2578.737013544561   55.184373801986
 2724.000000  -2528.973899310286   57.479416206247
 2730.000000  -2511.035794430462   57.360457533710
 2736.000000  -2617.475097232936   55.751596518362
 2742.000000  -2562.260746319170   56.972927636426
 2748.000000  -2606.011263629085   55.713629997876
 2754.000000  -2634.617065065860   55.520886888614
 2760.000000  -2572.861972841579   55.614679002021
 2766.000000  -2591.226753346573   56.246084384476
 2772.000000  -2567.530433996489   56.018181563989
 2778.000000  -2563.615048032377   56.164091116853
 2784.000000  -2605.806975974567   55.227405658190
 2790.000000  -2602.159033563842   56.042363770018
 2796.000000  -2623.653819484046   54.808981084131
 2802.000000  -2616.540796218741   55.600302947877
 2808.000000  -2617.374656764940   55.068804115965
 2814.000000  -2588.544085628055   55.655016269743
 2820.000000  -2545.244502470539   56.413191882805
 2826.000000  -2568.653233463620   56.766136058228
 2832.000000  -2568.489479959460   56.215544421282
 2838.000000  -2484.232044373727   57.529989611148
 2844.000000  -2584.487066100586   56.168951385044
 2850.000000  -2616.567411009109   55.136015913877
 2856.000000  -2634.753828832206   54.451932713798
 2862.000000  -2636.346884336203   54.840450610478
 2868.000000  -2618.840527658645   55.574710041336
 2874.000000  -2548.062933351307   55.957316153463
 2880.000000  -2583.761382471264   55.447648784070
 2886.000000  -2632.342244839932   55.337443432217
 2892.000000  -2572.850218663139   55.862158136660
 2898.000000  -2585.600199550042   55.614093595594
 2904.000000  -2537.939593160811   57.478983644382
 2910.000000  -2561.367807150090   56.526246107662
 2916.000000  -2582.687707121000   55.764619399149
 2922.000000  -2618.396876384726   54.686563946171
 2928.000000  -2628.693514474223   55.531990080782
 2934.000000  -2540.075407447889   56.561904208741
 2940.000000  -2525.875779063630   56.966662730456
 2946.000000  -2646.531068128338   54.991170078912
 2952.000000  -2525.525402446771   56.560727848734
 2958.000000  -2539.186676592284   57.476036211531
 2964.000000  -2528.738992316620   57.540308290313
 2970.000000  -2545.056718651055   56.791499654441
 2976.000000  -2575.364863664091   56.137393590744
 2982.000000  -2535.916879044998   57.108974047563
 2988.000000  -2621.189622574377   55.372133686487
 2994.000000  -2587.468468417918   55.775612317192
 3000.000000  -2551.352474975053   56.419291443499
 3006.000000  -2531.227389936926   56.814664187767
 3012.000000  -2558.963163764866   56.225195383828
 3018.000000  -2555.024618500636   55.663159665159
 3024.000000  -2590.413769188076   55.967643294247
 3030.000000  -2595.490919820334   55.970172984103
 3036.000000  -2622.803250122563   54.854174741205
 3042.000000  -2520.255666422589   57.210539566957
 3048.000000  -2482.568998450281   58.065399509085
 3054.000000  -2527.108196674449   57.508337065334
 3060.000000  -2550.323070797066   56.778804658281
 3066.000000  -2621.945597591148   55.286824841006
 3072.000000  -2500.563064219840   57.702265177020
 3078.000000  -2531.790108516930   56.925391480819
 3084.000000  -2666.972757217717   55.079040202699
 3090.000000  -2524.981310424062   56.813294537855
 3096.000000  -2569.053181666351   55.468069344022
 3102.000000  -2605.863588416253   55.694068511053
 3108.000000  -2500.337230721050   58.277611090211
 3114.000000  -2532.248878862362   56.431613949819
 3120.000000  -2576.389255738872   55.954936401617
 3126.000000  -2590.890280446014   56.055983606504
 3132.000000  -2562.553406238055   55.631214899160
 3138.000000  -2568.009290841142   56.133222433324
 3144.000000  -2571.854939659687   56.665068415570
 3150.000000  -2650.566623302251   54.964734969083
 3156.000000  -2636.333598462421   54.165130971638
 3162.000000  -2588.232676025674   55.662481847454
 3168.000000  -2539.802900165274   56.535434493858
 3174.000000  -2552.417819231294   56.506305557785
 3180.000000  -2595.628632448553   55.935835544216
 3186.000000  -2545.378018189642   56.368033790069
 3192.000000  -2555.250888511685   56.563560502632
 3198.000000  -2552.915146108229   55.477231944590
 3204.000000  -2638.089626116444   54.842882119060
 3210.000000  -2571.062812400418   55.657510408794
 3216.000000  -2671.989283153474   53.742619677461
 3222.000000  -2549.861308285460   56.528001009959
 3228.000000  -2537.787268683840   57.404190762286
 3234.000000  -2557.122701982782   56.772804214268
 3240.000000  -2615.076637308249   55.650908422303
 3246.000000  -2648.468553496876   54.707160915105
 3252.000000  -2615.453750614886   55.355931029296
 3258.000000  -2584.960717898918   55.188758574224
 3264.000000  -2478.064591622536   57.433266086787
 3270.000000  -2533.151975318704   56.789922072864
 3276.000000  -2522.710992416354   57.142390010794
 3282.000000  -2662.204050141213   54.290275591982
 3288.000000  -2539.683069141069   56.706456438892
 3294.000000  -2554.843839740643   56.220458735413
 3300.000000  -2603.902665530280   55.579582914783
 3306.000000  -2682.834138644302   54.685821037683
 3312.000000  -2593.038506487796   56.002309823856
 3318.000000  -2591.437011809669   56.112080412567
 3324.000000  -2545.678056359331   56.028443910893
 3330.000000  -2553.988449479287   56.554585270105
 3336.000000  -2575.176478120200   55.363943243972
 3342.000000  -2617.138279206901   54.543734176331
 3348.000000  -2598.743128876068   55.649487748490
 3354.000000  -2570.996758529842   56.568274453965
 3360.000000  -2641.532522354081   55.588411092880
 3366.000000  -2442.536456858847   58.753544294913
 3372.000000  -2538.042000211762   56.620197198943
 3378.000000  -2611.435098203573   56.198682919510
 3384.000000  -2602.479957493282   55.720518706217
 3390.000000  -2526.922947059774   57.509608547938
 3396.000000  -2534.411938882296   56.737433536245
 3402.000000  -2660.006081898037   54.418001709065
 3408.000000  -2660.568333442644   54.689206586601
 3414.000000  -2501.239931742848   58.677568223243
 3420.000000  -2566.269744250612   55.674847171990
 3426.000000  -2645.389191714268   55.190561646398
 3432.000000  -2636.357631195634   54.103374361052
 3438.000000  -2605.481479129892   55.358055376068
 3444.000000  -2549.235227036130   57.397104085878
 3450.000000  -2580.060270722442   56.533569068500
 3456.000000  -2616.178327600247   55.459200159047
 3462.000000  -2599.242587433584   55.809711141081
 3468.000000  -2530.480746177507   56.529097396435
 3474.000000  -2560.792569741847   56.402092946641
 3480.000000  -2646.113627704728   54.692714575373
 3486.000000  -2526.158204844213   57.578478471965
 3492.000000  -2529.144404484478   57.180589153265
 3498.000000  -2592.170566478183   55.435827166706
 3504.000000  -2585.493393236400   55.762936538191
 3510.000000  -2575.605658039440   56.043311011106
 3516.000000  -2563.940620986164   55.631625322605
 3522.000000  -2580.773749601694   55.593429895544
 3528.000000  -2595.954169476931   56.117750205859
 3534.000000  -2599.333163560552   55.904299654224
 3540.000000  -2591.175127894136   56.657385669297
 3546.000000  -2561.510741237918   56.706659816005
 3552.000000  -2640.244845385147   54.817510391829
 3558.000000  -2550.966856854826   55.862708862907
 3564.000000  -2588.543498868527   55.836702688411
 3570.000000  -2592.140502702590   55.585413829262
 3576.000000  -2610.029110723798   55.431334183687
 3582.000000  -2560.052570790373   56.787861589107
 3588.000000  -2614.821610236552   55.680989434739
 3594.000000  -2589.822050431977   55.900693678642
 3600.000000  -2536.702331023471   56.963074358238
 3606.000000  -2566.917724764452   56.421548990632
 3612.000000  -2604.745975151221   55.667973629844
 3618.000000  -2519.524742571174   56.653991530230
 3624.000000  -2564.654532841416   56.641410174904
 3630.000000  -2591.700657092345   55.141818066962
 3636.000000  -2575.868858565378   56.186161705799
 3642.000000  -2592.833645228640   55.739717085394
 3648.000000  -2543.496169908041   55.994245487222
 3654.000000  -2458.332386287552   58.328920482008
 3660.000000  -2538.139879926774   56.095944577996
 3666.000000  -2565.237707519844   55.988065910751
 3672.000000  -2607.303544306939   56.307943593980
 3678.000000  -2568.208442426674   55.957242114346
 3684.000000  -2580.496360441615   56.616491287524
 3690.000000  -2544.030640655900   57.239693985466
 3696.000000  -2555.521090027763   56.907416755772
 3702.000000  -2576.716030281783   56.060521126008
 3708.000000  -2559.164579383505   56.538030240865
 3714.000000  -2574.087887255916   55.807444053762
 3720.000000  -2574.519074160158   56.987346319246
 3726.000000  -2471.794997829567   58.076862842588
 3732.000000  -2531.018375555498   57.101213784067
 3738.000000  -2559.949083355361   56.505923150241
 3744.000000  -2569.581618940698   56.235223072545
 3750.000000  -2605.358791183283   55.438384682772
 3756.000000  -2532.430225391906   56.845013511339
 3762.000000  -2547.222135111942   55.924800140652
 3768.000000  -2640.140635289702   54.747637333822
 3774.000000  -2607.089318963393   54.895463851269
 3780.000000  -2606.010490809883   55.619680086598
 3786.000000  -2530.247000471346   56.250599344379
 3792.000000  -2564.509183860792   55.917866272029
 3798.000000  -2531.533293792820   56.052931796758
 3804.000000  -2660.503059271677   53.801928857116
 3810.000000  -2506.436272113367   57.027288764981
 3816.000000  -2506.629475520653   57.908936514744
 3822.000000  -2509.658711072111   57.782382523167
 3828.000000  -2541.425935502522   56.819705216356
 3834.000000  -2531.841287980941   56.812266124401
 3840.000000  -2547.756833003304   55.994539283371
 3846.000000  -2590.530347893467   55.405626978077
 3852.000000  -2594.316141920860   55.032773067651
 3858.000000  -2552.884298845867   56.113845731257
 3864.000000  -2546.380661775684   56.273744381881
 3870.000000  -2583.939266658866   56.333231717614
 3876.000000  -2543.555195674226   57.423528341317
 3882.000000  -2605.577657889485   55.388930215120
 3888.000000  -2643.644890174264   54.801563704991
 3894.000000  -2594.370474657856   56.502728827764
 3900.000000  -2546.963799829507   56.805911791751
 3906.000000  -2589.760241575166   55.758587554472
 3912.000000  -2597.082502120968   55.895618621081
 3918.000000  -2562.088596751186   57.067267130930
 3924.000000  -2526.860919829420   56.850360458563
 3930.000000  -2646.435893756489   55.455407101698
 3936.000000  -2610.563813264974   55.175593229948
 3942.000000  -2528.813125801452   56.317888802958
 3948.000000  -2573.707894251042   56.546317790764
 3954.000000  -2508.320955826264   57.572951588104
 3960.000000  -2507.854094984606   56.630083393834
 3966.000000  -2579.459666459863   56.170335449716
 3972.000000  -2539.665153907224   56.877229587031
 3978.000000  -2510.683974640212   57.978915574504
 3984.000000  -2618.186987443986   55.243107804827
 3990.000000  -2590.968100700546   56.309760287961
 3996.000000  -2560.706430110206   56.705282300462
 4002.000000  -2585.489628300295   56.439523937556
 4008.000000  -2609.833413184671   55.680224195517
 4014.000000  -2567.561837975352   56.108632386130
 4020.000000  -2573.658686497060   56.362179182912
 4026.000000  -2552.770963873666   56.694822091681
 4032.000000  -2519.088969423683   56.578712640793
 4038.000000  -2559.920112801127   56.365576599515
 4044.000000  -2528.819314052585   57.028308635638
 4050.000000  -2565.841848984957   55.999079193000
 4056.000000  -2588.884912393685   56.049798124243
 4062.000000  -2586.013859661655   56.315074817607
 4068.000000  -2546.015957429522   55.977092360960
 4074.000000  -2626.099924615524   55.165415381992
 4080.000000  -2537.625177132250   57.115686792977
 4086.000000  -2582.014105137306   56.230570005767
 4092.000000  -2581.538189441494   56.353188986574
 4098.000000  -2586.609330946403   55.463540571001
 4104.000000  -2494.521627224513   57.469527144244
 4110.000000  -2534.557469417580   56.435283534096
 4116.000000  -2590.153334503076   55.483490153893
 4122.000000  -2604.739578951001   55.092520698370
 4128.000000  -2669.137734787314   54.235486548711
 4134.000000  -2552.137254102652   55.717772807995
 4140.000000  -2546.293658471550   56.388103737313
 4146.000000  -2631.133610650043   54.652836208513
 4152.000000  -2494.332384931071   57.260954680190
 4158.000000  -2613.699484055387   56.018115218597
 4164.000000  -2615.488230377249   55.882245939709
 4170.000000  -2561.706998269937   57.154878813205
 4176.000000  -2601.445477893593   56.004754074928
 4182.000000  -2485.937901841857   57.704701500817
 4188.000000  -2590.246704411863   56.206869263044
 4194.000000  -2563.264768987035   56.885040790543
 4200.000000  -2569.039442172094   55.817706871819
 4206.000000  -2586.502387359348   55.493280132970
 4212.000000  -2543.959407566226   56.541703271046
 4218.000000  -2534.885261402808   56.565196347686
 4224.000000  -2592.463279118745   56.177278279769
 4230.000000  -2626.657049478045   54.829833083561
 4236.000000  -2605.152816653923   54.936387465875
 4242.000000  -2627.415732604126   55.288805714593
 4248.000000  -2579.575137259021   56.754650251392
 4254.000000  -2590.607631248206   56.183948479800
 4260.000000  -2576.796390613535   56.248449788681
 4266.000000  -2584.983334657381   55.680947822169
 4272.000000  -2580.462256981683   55.641780464216
 4278.000000  -2665.984874466373   54.271952028310
 4284.000000  -2526.178614909554   56.430635587864
 4290.000000  -2607.965935495803   56.053964363045
 4296.000000  -2539.568222605400   57.131365788993
 4302.000000  -2558.653840907082   56.400937299253
 4308.000000  -2594.755470199284   55.604287041930
 4314.000000  -2463.039087184011   58.554246176532
 4320.000000  -2632.234451512263   54.794057904598
 4326.000000  -2585.992980108558   55.693281683225
 4332.000000  -2622.471009696439   54.603706397308
 4338.000000  -2570.066812418591   56.222600488544
 4344.000000  -2625.388502213975   55.453126948010
 4350.000000  -2509.376767552930   57.070378512243
 4356.000000  -2574.394739967472   55.794659392180
 4362.000000  -2595.680998372534   55.892353452314
 4368.000000  -2597.362000055107   55.590087472916
 4374.000000  -2583.406147104741   55.402291419671
 4380.000000  -2527.097144475754   56.683644853390
 4386.000000  -2522.329187748359   56.272633383907
 4392.000000  -2635.969467664159   54.981195739551
 4398.000000  -2593.892492064692   56.143828379466
 4404.000000  -2564.383216666879   55.924049448224
 4410.000000  -2535.247639123125   56.971945858031
 4416.000000  -2488.188763331385   58.162761522304
 4422.000000  -2568.198760161170   56.551535475654
 4428.000000  -2553.420865290239   56.774891955049
 4434.000000  -2636.836204207022   55.081595505748
 4440.000000  -2532.258589205764   57.251193961003
 4446.000000  -2539.869909645656   56.992494101909
 4452.000000  -2648.679641262548   55.497834764948
 4458.000000  -2595.742544420530   55.610745029223
 4464.000000  -2672.459103048213   54.688743182567
 4470.000000  -2578.315838056318   56.507321805292
 4476.000000  -2589.721113129523   55.652190475492
 4482.000000  -2464.006365889075   58.442217258670
 4488.000000  -2605.234111064797   55.212617105374
 4494.000000  -2591.827542345004   55.528620706212
 4500.000000  -2556.300714458588   56.375374613570
 4506.000000  -2580.637900694904   56.147871440015
 4512.000000  -2615.002614685828   54.827957538176
 4518.000000  -2616.706232625385   55.119539582216
 4524.000000  -2642.619586664974   55.492608088281
 4530.000000  -2599.751154059644   56.079285844731
 4536.000000  -2542.921405234477   57.165119966975
 4542.000000  -2488.067259924573   59.383417271817
 4548.000000  -2612.018833397682   55.189598365229
 4554.000000  -2526.082918366356   57.398142569295
 4560.000000  -2562.075436130128   56.095696192907
 4566.000000  -2619.068910623102   55.439168150924
 4572.000000  -2616.902341247337   55.205709992835
 4578.000000  -2537.840313301657   57.723857055800
 4584.000000  -2538.259624601523   56.433129867872
 4590.000000  -2568.935319290110   56.758896260684
 4596.000000  -2586.233280664471   56.245296713961
 4602.000000  -2484.432642403864   58.489062843550
 4608.000000  -2512.259718156848   57.138260977810
 4614.000000  -2559.595416244383   56.239786848061
 4620.000000  -2528.352531870397   56.341659984711
 4626.000000  -2574.008062606601   56.354813441973
 4632.000000  -2526.059631999313   57.468368115621
 4638.000000  -2563.867035607751   56.552633684106
 4644.000000  -2580.379581021110   56.044989613851
 4650.000000  -2545.512073991697   56.843016028330
 4656.000000  -2615.983886774373   55.715947568188
 4662.000000  -2594.725615579604   56.122552672998
 4668.000000  -2591.302804634879   55.746009903675
 4674.000000  -2535.734203941662   56.723763603836
 4680.000000  -2576.767691704021   56.321909428977
 4686.000000  -2559.132122549829   56.046905020241
 4692.000000  -2560.350904811736   56.189860961852
 4698.000000  -2576.398364855685   56.014089899550
 4704.000000  -2611.158535655083   56.051064476340
 4710.000000  -2514.105679044348   57.138879122516
 4716.000000  -2607.359778523108   55.449086940915
 4722.000000  -2604.758589061949   55.608915438625
 4728.000000  -2548.754170734599   55.871635018141
 4734.000000  -2632.218782551718   55.140133695093
 4740.000000  -2588.573103446562   55.504496652612
 4746.000000  -2540.449620848072   56.099659981862
 4752.000000  -2500.562248330625   57.971123874789
 4758.000000  -2555.561311224166   56.704906912366
 4764.000000  -2496.078018066572   57.737103470432
 4770.000000  -2567.786213861679   56.301199126523
 4776.000000  -2598.899132621732   55.529444670215
 4782.000000  -2526.988059757772   56.955830800192
 4788.000000  -2560.645991526232   56.850406330770
 4794.000000  -2563.066007540700   56.198940048638
 4800.000000  -2600.279375997868   56.396308960319
 4806.000000  -2608.610889727847   56.396203930858
 4812.000000  -2593.588973121990   55.891334944533
 4818.000000  -2587.616856634163   56.203785628989
 4824.000000  -2522.525397666330   57.270357719349
 4830.000000  -2525.243250041401   57.409473589248
 4836.000000  -2493.358985779571   57.533673729148
 4842.000000  -2609.830750329056   55.915498122343
 4848.000000  -2630.413025480928   55.096368513803
 4854.000000  -2570.995451931582   55.919293155782
 4860.000000  -2546.016523458110   56.422180101656
 4866.000000  -2557.701133436028   56.588103714787
 4872.000000  -2610.572152865364   55.355986674496
 4878.000000  -2593.810127480060   55.967138654575
 4884.000000  -2578.186360635284   56.218586246045
 4890.000000  -2600.630039985618   55.220849936295
 4896.000000  -2568.930425661598   55.807266274576
 4902.000000  -2570.357349944814   55.962834916713
 4908.000000  -2600.660736279549   54.941704079491
 4914.000000  -2589.559663237442   55.189447536466
 4920.000000  -2547.272302955748   56.459554095744
 4926.000000  -2540.568472243093   57.358292020230
 4932.000000  -2546.005973433962   56.771794294575
 4938.000000  -2561.713584384294   56.022044872453
 4944.000000  -2602.616879549424   56.559641789806
 4950.000000  -2604.105549326664   56.192108166938
 4956.000000  -2558.772750978429   57.194328681273
 4962.000000  -2567.484893439768   56.643973975559
 4968.000000  -2557.645843105548   56.691902984410
 4974.000000  -2614.902609389671   54.892003033168
 4980.000000  -2520.293208768579   57.220737882737
 4986.000000  -2589.675528003362   55.746364526769
 4992.000000  -2584.378151719085   55.924605164902
 4998.000000  -2529.133173792308   56.436540954952
 5004.000000  -2550.642465129078   57.222792650184
 5010.000000  -2547.487714192391   56.768549322869
 5016.000000  -2590.547558692065   56.012160902320
 5022.000000  -2551.513047467524   56.756651510800
 5028.000000  -2589.947862418237   56.431728716149
 5034.000000  -2550.415267824346   56.503719661432
 5040.000000  -2586.497569800778   55.680711712787
 5046.000000  -2572.321452382452   55.395716995140
 5052.000000  -2615.407441279488   54.943707280971
 5058.000000  -2529.337019416836   56.479226018650
 5064.000000  -2550.557855986514   56.531608679002
 5070.000000  -2573.476823416715   54.948755506071
 5076.000000  -2610.012553058938   55.233638658779
 5082.000000  -2608.265801467578   56.002266967865
 5088.000000  -2559.700177241411   55.587780565038
 5094.000000  -2559.298642084375   56.835058144769
 5100.000000  -2536.420358543312   56.882113553130
 5106.000000  -2590.186315404862   55.862263334042
 5112.000000  -2534.458296466226   56.467876805546
 5118.000000  -2549.947537387434   57.312582926824
 5124.000000  -2633.527680051471   55.114166154008
 5130.000000  -2560.139865264706   57.030671521167
 5136.000000  -2601.219712233566   56.149927221046
 5142.000000  -2575.403036299239   55.423327029594
 5148.000000  -2521.214067679484   57.043281073186
 5154.000000  -2507.301844847807   57.924366479563
 5160.000000  -2585.993567407768   56.116331278270
 5166.000000  -2540.297053084706   56.197640365815
 5172.000000  -2546.346894153855   56.634477345430
 5178.000000  -2526.772647578063   58.231662337661
 5184.000000  -2619.038024625750   56.043097874733
 5190.000000  -2499.382650899960   58.298965547082
 5196.000000  -2528.778084774422   57.404968009253
 5202.000000  -2584.517191938394   55.444464448409
 5208.000000  -2576.094700149640   56.194055825666
 5214.000000  -2532.055286529775   57.003011388744
 5220.000000  -2595.295729851308   56.039403940210
 5226.000000  -2595.623038712144   55.870645853805
 5232.000000  -2636.238353095069   55.351277947596
 5238.000000  -2588.813612125316   55.455727627120
 5244.000000  -2616.761608856948   55.313519481067
 5250.000000  -2576.428782912092   56.083009800908
 5256.000000  -2587.583545797849   56.170401488676
 5262.000000  -2658.464707355441   54.464998585740
 5268.000000  -2613.616770467698   55.555379484622
 5274.000000  -2607.106708533342   56.126700649319
 5280.000000  -2624.102571849328   56.023719729315
 5286.000000  -2607.483337317840   55.499130953043
 5292.000000  -2621.004814215647   55.881227555582
 5298.000000  -2588.727656943388   56.579683943633
 5304.000000  -2601.281931496502   55.953689263325
 5310.000000  -2592.534665544680   56.593766801328
 5316.000000  -2494.525210894247   57.612810045130
 5322.000000  -2602.645604144202   55.382282028734
 5328.000000  -2606.067174787822   55.540879926274
 5334.000000  -2531.886682991660   57.512767418574
 5340.000000  -2545.623703275569   56.881236041858
 5346.000000  -2624.086587957701   55.511735898896
 5352.000000  -2540.771048720193   57.585982321024
 5358.000000  -2605.731877357758   55.538498010758
 5364.000000  -2646.097061317924   55.266437191191
 5370.000000  -2590.084758182265   56.044922971922
 5376.000000  -2575.209496611003   56.571599620629
 5382.000000  -2543.591585518039   56.458951151281
 5388.000000  -2517.228113093508   57.729763050117
 5394.000000  -2604.666508765007   55.916267222660
 5400.000000  -2543.434211088691   56.947459564442
 5406.000000  -2609.952607406632   55.546527879637
 5412.000000  -2681.788697530485   54.053285497474
 5418.000000  -2575.619824656175   56.893899620840
 5424.000000  -2544.054490229577   56.097040331568
 5430.000000  -2592.964718353076   55.255104462575
 5436.000000  -2601.451387625179   56.351819046483
 5442.000000  -2544.770309412904   56.487764357147
 5448.000000  -2565.903127547478   55.432817704667
 5454.000000  -2516.775797784357   56.964365353680
 5460.000000  -2526.877157764971   57.018731719288
 5466.000000  -2609.247275338899   55.705352109646
 5472.000000  -2565.265612268459   56.524682688196
 5478.000000  -2489.568898376414   57.485478730046
 5484.000000  -2512.580816604072   57.459520777650
 5490.000000  -2568.500304042067   56.053837532465
 5496.000000  -2559.728300404485   56.094861544667
 5502.000000  -2554.689818588265   56.878633870693
 5508.000000  -2533.429288140403   56.295988336387
 5514.000000  -2644.250369809845   54.998009619230
 5520.000000  -2566.739029628818   56.866978694106
 5526.000000  -2584.968254803084   55.676261927817
 5532.000000  -2620.278091746086   55.835980629066
 5538.000000  -2596.109145660965   55.226254375689
 5544.000000  -2647.919039492752   55.003074217314
 5550.000000  -2525.486496013440   56.884490008543
 5556.000000  -2609.585953942695   55.585798882575
 5562.000000  -2627.711627415171   55.956749329421
 5568.000000  -2538.257604217014   55.929745332682
 5574.000000  -2517.671369205675   56.428389849310
 5580.000000  -2587.821912032892   55.366817199508
 5586.000000  -2622.658917014322   55.078951781143
 5592.000000  -2626.236577396416   55.118787174955
 5598.000000  -2543.464232860954   57.023129145568
 5604.000000  -2569.001127033439   55.731186623640
 5610.000000  -2589.444592029651   56.247750510697
 5616.000000  -2582.250048090145   55.765975974284
 5622.000000  -2622.003549328557   54.581755179669
 5628.000000  -2647.750091990053   54.307994386830
 5634.000000  -2618.505456815828   55.036575587118
 5640.000000  -2603.552038372652   55.734745828973
 5646.000000  -2523.109821271649   56.287064072440
 5652.000000  -2655.839746521197   55.023565648561
 5658.000000  -2641.728271402549   54.689354252349
 5664.000000  -2609.044476898464   55.423897308680
 5670.000000  -2508.464214119075   56.359093268604
 5676.000000  -2590.794145680646   55.685374134784
 5682.000000  -2646.511364879195   54.919187277934
 5688.000000  -2644.286465322100   55.523919710372
 5694.000000  -2603.698232640344   55.744997675750
 5700.000000  -2604.863103195289   55.495402618207
 5706.000000  -2613.717905013551   55.077697354374
 5712.000000  -2625.534227978627   54.375544448906
 5718.000000  -2575.454788269795   55.518130492651
 5724.000000  -2573.986564442750   56.014256129487
 5730.000000  -2597.818600486857   55.622748500474
 5736.000000  -2575.797169178065   55.644878194898
 5742.000000  -2560.739908962338   56.078249755109
 5748.000000  -2613.488855593599   55.043363885381
 5754.000000  -2656.511812587773   54.566496537122
 5760.000000  -2578.672255811574   56.042653147171
 5766.000000  -2613.366918787484   55.377100739872
 5772.000000  -2581.292755499741   55.916935380183
 5778.000000  -2616.375423883603   56.115650292486
 5784.000000  -2550.376844621955   56.334108741906
 5790.000000  -2514.933634661843   56.978031615462
 5796.000000  -2505.470579690718   56.765827353794
 5802.000000  -2576.833211240321   56.325691231064
 5808.000000  -2611.834865098113   55.173243021014
 5814.000000  -2577.413251319046   56.385840329163
 5820.000000  -2547.042284154195   56.461174595290
 5826.000000  -2600.948485271796   55.638478257696
 5832.000000  -2548.171777241057   56.200218955995
 5838.000000  -2607.792033115648   55.639909728075
 5844.000000  -2518.890025365547   56.306662854126
 5850.000000  -2597.878488771559   56.133484698473
 5856.000000  -2617.592884294978   55.230810144104
 5862.000000  -2588.760630408137   55.230655469453
 5868.000000  -2599.427082024887   55.924442482251
 5874.000000  -2557.179063087085   56.957439020944
 5880.000000  -2541.535548792734   57.396029729994
 5886.000000  -2564.772056926372   56.745542551429
 5892.000000  -2616.080607078974   55.452898223199
 5898.000000  -2568.078702770271   55.917864998515
 5904.000000  -2534.561852710555   56.181651345744
 5910.000000  -2658.808257493754   54.985883299941
 5916.000000  -2573.090504166119   56.117389344975
 5922.000000  -2582.009638443782   56.403151955768
 5928.000000  -2607.209061833101   55.912365839936
 5934.000000  -2542.314411304601   56.866835233839
 5940.000000  -2626.886718056976   55.577657512023
 5946.000000  -2601.619874048780   55.576408068667
 5952.000000  -2643.939701390228   54.651014238392
 5958.000000  -2514.710873417621   57.251058790515
 5964.000000  -2567.772695491862   55.700970116740
 5970.000000  -2608.385710300777   55.552521571361
 5976.000000  -2617.482286053457   55.458245525553
 5982.000000  -2633.296547869215   54.681002181464
 5988.000000  -2616.790257363951   55.299525938970
 5994.000000  -2539.289116949154   57.410178277965
 6000.000000  -2615.150752498887   55.897083520735
