    0.000000  -2745.159605819209   56.492259025013
    6.000000  -2697.965866435654   57.096003686282
   12.000000  -2770.476903756823   55.784988937546
   18.000000  -2733.570361306583   56.915923255014
   24.000000  -2686.883320234918   57.659287519546
   30.000000  -2719.933016288397   56.629154100540
   36.000000  -2721.793790862685   57.190063203592
   42.000000  -2667.555301293398   56.937451342209
   48.000000  -2644.836880598868   57.705226459763
   54.000000  -2747.839720253546   55.634008032711
   60.000000  -2683.222283303484   56.850538016801
   66.000000  -2703.135097212554   56.141923457640
   72.000000  -2675.702597620785   57.256442382842
   78.000000  -2666.979642363699   57.115782280153
   84.000000  -2639.775642079516   58.071298872396
   90.000000  -2711.775869291294   57.195048103891
   96.000000  -2708.038447654746   57.841517315845
  102.000000  -2693.009222044372   57.918436384154
  108.000000  -2735.625592778790   56.779330905802
  114.000000  -2736.163044648571   55.846755702495
  120.000000  -2706.781300064189   57.134461635353
  126.000000  -2673.148365834177   57.630156692814
  132.000000  -2707.055879300339   56.902727222909
  138.000000  -2657.286069483768   58.356073283805
  144.000000  -2658.188419613896   58.038266142929
  150.000000  -2723.511724444105   56.911867455444
  156.000000  -2698.242642955390   58.228319521704
  162.000000  -2723.878895895248   56.761083591858
  168.000000  -2702.873144170337   56.446722452343
  174.000000  -2748.542894135795   56.699084724831
  180.000000  -2642.622401787660   58.496387493765
  186.000000  -2809.621839585032   54.875905754191
  192.000000  -2675.624771430735   56.750918504265
  198.000000  -2679.639449303770   56.882654190620
  204.000000  -2709.656461640288   57.473077129704
  210.000000  -2656.089121251712   57.593849350724
  216.000000  -2742.584760693047   56.110144020788
  222.000000  -2727.625816844703   56.484116263593
  228.000000  -2711.757023795113   57.594521950050
  234.000000  -2686.000978268464   57.659869290954
  240.000000  -2692.312582392753   57.127547604775
  246.000000  -2673.801017384303   57.499520838269
  252.000000  -2681.467916144464   57.070431137098
  258.000000  -2765.297883918587   55.902156670557
  264.000000  -2723.875046823894   57.932737438883
  270.000000  -2653.106312264722   57.325132051829
  276.000000  -2639.498759043852   57.931068466301
  282.000000  -2719.407109645761   56.395942629134
  288.000000  -2690.861840060469   56.334861889738
  294.000000  -2685.861292900343   56.959365066977
  300.000000  -2712.665197317718   57.245220707307
  306.000000  -2706.901171547438   57.180846983241
  312.000000  -2728.705047930641   56.907907730075
  318.000000  -2659.356560878870   56.907508933171
  324.000000  -2693.110258273159   56.786530685911
  330.000000  -2686.241929933583   56.687231975352
  336.000000  -2705.329840727546   57.795616293493
  342.000000  -2645.657461688943   57.839073053037
  348.000000  -2717.838114109187   56.902718043459
  354.000000  -2690.697146896422   57.260189059333
  360.000000  -2709.778923761467   56.829179824713
  366.000000  -2724.577757778170   56.708373094754
  372.000000  -2660.515467754748   57.173787450605
  378.000000  -2673.360226141978   57.930646846687
  384.000000  -2666.051126406454   57.431268474252
  390.000000  -2650.323467647023   57.822436220678
  396.000000  -2667.896402429846   57.373760961364
  402.000000  -2740.570377770103   56.374789940461
  408.000000  -2711.483649423961   56.302931883235
  414.000000  -2744.927611313126   56.369890379950
  420.000000  -2673.523045640469   57.597692565333
  426.000000  -2723.243722810245   56.929854878024
  432.000000  -2696.254974995953   57.643242574584
  438.000000  -2745.151650950262   56.059296367389
  444.000000  -2657.632019795898   57.873453339683
  450.000000  -2734.520483783240   55.897917464897
  456.000000  -2678.056395075866   57.109239114090
  462.000000  -2798.285922817175   55.207145415786
  468.000000  -2683.119685899590   57.723119163264
  474.000000  -2686.615188150451   58.101050169433
  480.000000  -2659.366911867768   58.497527586053
  486.000000  -2708.010517738823   56.791600465444
  492.000000  -2730.384533889221   56.966187919212
  498.000000  -2690.531679330613   58.131555563495
  504.000000  -2645.231700905721   58.405502492224
  510.000000  -2725.062704221366   56.438230319102
  516.000000  -2746.315348417348   56.486370050910
  522.000000  -2693.738698706947   56.373045154707
  528.000000  -2689.077320803014   57.584033980094
  534.000000  -2724.866658026958   56.393403871561
  540.000000  -2705.784660823199   57.135563276003
  546.000000  -2744.287467056713   56.998953133972
  552.000000  -2729.933803682231   56.819924128356
  558.000000  -2732.657063076757   55.946893185326
  564.000000  -2669.035993488102   57.741153452711
  570.000000  -2665.517528030729   57.925885517318
  576.000000  -2668.685577160340   57.348224445722
  582.000000  -2645.105826758426   57.934735569894
  588.000000  -2664.398198835945   57.700729740032
  594.000000  -2596.020099299923   59.232962843559
  600.000000  -2746.583123853054   56.889424416258
  606.000000  -2715.284655202191   56.559617502256
  612.000000  -2742.144568079663   56.611512276323
  618.000000  -2749.524320454975   56.984815393254
  624.000000  -2661.156783679895   57.378466141930
  630.000000  -2647.859158961282   57.524084542211
  636.000000  -2641.210470654306   58.036850153725
  642.000000  -2685.038398994107   57.698483051450
  648.000000  -2691.158030369716   57.422361306959
  654.000000  -2683.598033514451   57.837102728191
  660.000000  -2721.474592015251   57.152950677263
  666.000000  -2670.327334829369   58.301307747067
  672.000000  -2711.397189799263   57.888283446247
  678.000000  -2619.208757626681   58.677315910318
  684.000000  -2722.474871405750   56.967069522552
  690.000000  -2657.118483754221   57.769768297413
  696.000000  -2594.468009934934   59.036510455639
  702.000000  -2677.499151168738   58.207477312382
  708.000000  -2712.857937292275   56.499200365507
  714.000000  -2735.019640216854   56.349262458041
  720.000000  -2685.187273679530   57.253040435257
  726.000000  -2749.454280643097   56.616844963329
  732.000000  -2626.304785269082   57.963238284172
  738.000000  -2726.107749091253   56.959689958509
  744.000000  -2763.095304967013   56.320617703363
  750.000000  -2685.576162122513   57.810874145690
  756.000000  -2676.496752919072   57.353729885529
  762.000000  -2680.868140295695   57.675772509914
  768.000000  -2681.114574133340   57.803135386478
  774.000000  -2711.114729853404   57.504851651682
  780.000000  -2702.532726869360   57.279332230457
  786.000000  -2700.419864312491   57.551505271203
  792.000000  -2638.778812288474   58.452951032394
  798.000000  -2741.422979776671   56.875741945153
  804.000000  -2707.007701173593   57.041610285775
  810.000000  -2681.988409194449   56.907422261948
  816.000000  -2765.247673427079   55.121263181662
  822.000000  -2714.808263057984   56.007282670413
  828.000000  -2663.422664318768   58.017873159243
  834.000000  -2652.717970333317   58.116564626089
  840.000000  -2737.770029885124   56.844349073397
  846.000000  -2763.157082361548   56.688987856888
  852.000000  -2771.681232725395   56.247292868701
  858.000000  -2703.266690375378   56.821686331830
  864.000000  -2710.271355728923   57.762877500194
  870.000000  -2708.693532604183   57.374446280346
  876.000000  -2764.914531314530   56.185143798646
  882.000000  -2643.006665870389   58.016456116144
  888.000000  -2676.601682158269   58.029893586648
  894.000000  -2842.315662621826   54.736210404111
  900.000000  -2727.554211081573   56.558211257629
  906.000000  -2699.373851470750   57.101627998759
  912.000000  -2664.088218585103   57.397690654949
  918.000000  -2761.582746097355   56.716981936432
  924.000000  -2748.760436020613   56.618467433072
  930.000000  -2701.076737420711   56.938674645053
  936.000000  -2735.561687906187   57.265729384946
  942.000000  -2728.848774078570   55.715414003597
  948.000000  -2697.881557487687   56.672308234450
  954.000000  -2756.813728441657   57.055177310784
  960.000000  -2753.052124956683   55.768942814431
  966.000000  -2667.895938577712   57.668492960706
  972.000000  -2680.489072355231   56.908931266768
  978.000000  -2658.048098927879   57.701953789069
  984.000000  -2713.248293202524   57.450009286589
  990.000000  -2669.414950251271   57.301042213857
  996.000000  -2685.861237852494   57.247361303520
 1002.000000  -2672.725359677352   58.241872037257
 1008.000000  -2710.064805431387   57.978638262480
 1014.000000  -2741.311214888105   56.222604487958
 1020.000000  -2756.449805130872   56.323568422918
 1026.000000  -2785.481511099923   55.550737306642
 1032.000000  -2711.965348056282   57.125976124427
 1038.000000  -2647.664572694315   58.054445995859
 1044.000000  -2692.888195836632   56.271219019667
 1050.000000  -2738.259641624571   55.445649767405
 1056.000000  -2736.316411540185   55.709144537891
 1062.000000  -2710.938281552828   56.041888084767
 1068.000000  -2737.797303189106   55.863202510174
 1074.000000  -2720.506063031576   56.611028508161
 1080.000000  -2709.125951845457   56.714929777194
 1086.000000  -2670.127195963225   57.727164226402
 1092.000000  -2711.080120514808   56.343824082570
 1098.000000  -2693.891143181672   57.150659614507
 1104.000000  -2684.781749122772   57.429431597077
 1110.000000  -2666.615670005339   57.935649276569
 1116.000000  -2635.557707350616   57.771322350586
 1122.000000  -2716.045260495082   57.275295108730
 1128.000000  -2724.438576917941   56.496497382014
 1134.000000  -2753.187150365814   56.262308713784
 1140.000000  -2581.685294256522   58.828215626380
 1146.000000  -2679.614357291619   57.664096440535
 1152.000000  -2701.693179774356   57.734398327740
 1158.000000  -2677.027764562992   58.329049394555
 1164.000000  -2728.260444785717   56.527274086583
 1170.000000  -2693.745901119770   56.743516089701
 1176.000000  -2702.202763304789   57.730003117369
 1182.000000  -2701.379567542248   57.112930402571
 1188.000000  -2659.537428345221   57.641397920729
 1194.000000  -2771.771405408936   55.369723406865
 1200.000000  -2675.205297883147   57.256012320154
 1206.000000  -2696.579100233569   56.716729833311
 1212.000000  -2704.362827564632   58.076201673169
 1218.000000  -2627.096979936918   58.103421438285
 1224.000000  -2675.310566574946   58.094132019048
 1230.000000  -2726.591311024263   56.548478437020
 1236.000000  -2728.727581645803   56.553975036972
 1242.000000  -2710.884475847357   56.835793810761
 1248.000000  -2696.030733667684   57.299647660105
 1254.000000  -2720.203930301075   56.611296351932
 1260.000000  -2708.566991425647   56.416122729680
 1266.000000  -2696.578543197012   57.009359544211
 1272.000000  -2712.387548698064   57.230885527928
 1278.000000  -2710.843520969272   56.551221937501
 1284.000000  -2711.424242369033   56.940766692625
 1290.000000  -2604.627617425634   58.869301132071
 1296.000000  -2736.913195601850   56.679020448807
 1302.000000  -2705.083079863785   56.814187810752
 1308.000000  -2700.154496357177   56.389256368682
 1314.000000  -2789.647197153582   55.377381303624
 1320.000000  -2695.841852931759   56.705624442650
 1326.000000  -2723.068226084218   56.194245539364
 1332.000000  -2751.401160325469   56.155132115713
 1338.000000  -2685.932013270266   57.934391252448
 1344.000000  -2743.375273412951   55.934764659725
 1350.000000  -2689.335817949360   56.757622400305
 1356.000000  -2681.871107244210   57.382819772327
 1362.000000  -2761.047414191156   55.905524178210
 1368.000000  -2751.806965794955   56.650257443840
 1374.000000  -2709.505839833998   56.496834570527
 1380.000000  -2711.324664092639   56.957193663382
 1386.000000  -2702.730517928835   57.541546809993
 1392.000000  -2682.514637214714   57.069857535207
 1398.000000  -2764.385162643365   55.312813646435
 1404.000000  -2725.826680353809   56.083218226031
 1410.000000  -2729.532497768509   56.709115678059
 1416.000000  -2649.585578666326   58.131435521821
 1422.000000  -2661.585081575870   57.933754583459
 1428.000000  -2693.440010422378   56.933554817626
 1434.000000  -2702.679177680993   56.719099129887
 1440.000000  -2718.249716697508   56.368134115349
 1446.000000  -2688.478326841112   56.859196335556
 1452.000000  -2709.703071916908   56.538468918579
 1458.000000  -2766.786247230672   55.234426540390
 1464.000000  -2705.571872147405   56.920189187155
 1470.000000  -2667.573799274337   58.199596700432
 1476.000000  -2715.554682391409   56.987211666711
 1482.000000  -2734.215988546866   57.345501464040
 1488.000000  -2684.992179741818   57.751831395934
 1494.000000  -2724.311649273669   56.783332054222
 1500.000000  -2743.547327312290   56.405261224435
 1506.000000  -2714.202795497870   56.958244297672
 1512.000000  -2677.962665535947   57.884615695373
 1518.000000  -2615.786592421846   59.078191896113
 1524.000000  -2710.668881567941   57.311394272967
 1530.000000  -2644.571354253186   58.580519404015
 1536.000000  -2698.654221436670   57.532719282736
 1542.000000  -2797.645113777928   55.424579947027
 1548.000000  -2737.383580958431   56.272605087313
 1554.000000  -2677.915565565583   57.465139821992
 1560.000000  -2725.492381966917   56.775739539163
 1566.000000  -2717.350157509082   57.296397190589
 1572.000000  -2673.588682606941   57.619442338037
 1578.000000  -2649.321495998157   59.233236569094
 1584.000000  -2720.367913284828   56.665802685978
 1590.000000  -2718.624165239079   56.690491671321
 1596.000000  -2617.333626409584   58.386604339640
 1602.000000  -2731.836672343763   56.464111028441
 1608.000000  -2707.911760320806   56.997871796853
 1614.000000  -2657.379457321156   58.105412018315
 1620.000000  -2707.258747705576   57.193086557795
 1626.000000  -2699.340839564260   57.268225571410
 1632.000000  -2738.322427575409   56.464847289992
 1638.000000  -2672.725082948801   57.180860227400
 1644.000000  -2678.739187351639   57.398520596153
 1650.000000  -2746.512507686778   56.246066036626
 1656.000000  -2684.722987379284   56.596190798257
 1662.000000  -2626.514518152814   57.545376065586
 1668.000000  -2736.344489204760   56.596342948569
 1674.000000  -2658.856719269118   57.785553189134
 1680.000000  -2713.399108467861   56.559359974174
 1686.000000  -2742.099608768143   56.093415377393
 1692.000000  -2701.855468070215   57.072173952716
 1698.000000  -2731.163061287045   55.983437212978
 1704.000000  -2731.016119401877   57.005588740200
 1710.000000  -2739.485907007766   56.967125747845
 1716.000000  -2648.964196528885   58.878280902081
 1722.000000  -2673.659674152369   58.277526091563
 1728.000000  -2686.825080685068   57.346232710455
 1734.000000  -2686.915722029658   56.736487649172
 1740.000000  -2695.901153844241   56.699034920349
 1746.000000  -2762.675732986818   56.286532219091
 1752.000000  -2690.617563088175   57.081239949902
 1758.000000  -2686.280676242744   57.395943396958
 1764.000000  -2705.256957018983   57.174385648062
 1770.000000  -2762.772253683066   56.265071208556
 1776.000000  -2639.245989627595   59.234127697591
 1782.000000  -2624.526567243352   58.944311008155
 1788.000000  -2703.117959803804   57.239407814830
 1794.000000  -2686.520855908185   57.728600001726
 1800.000000  -2750.121979190301   56.558294765205
 1806.000000  -2729.383433097882   57.163409511909
 1812.000000  -2723.068205635496   55.452729162274
 1818.000000  -2672.918473426433   58.196292841079
 1824.000000  -2722.503351131647   56.943715632370
 1830.000000  -2706.686766932167   56.602338909500
 1836.000000  -2655.184057835799   57.926693162289
 1842.000000  -2675.368101359305   56.674645288172
 1848.000000  -2632.733120423872   57.871542256340
 1854.000000  -2779.593830259999   55.468131714116
 1860.000000  -2595.619371387560   58.567654997319
 1866.000000  -2765.815923888292   56.118202349074
 1872.000000  -2659.001700310763   57.352032720214
 1878.000000  -2671.819444288876   57.310009203941
 1884.000000  -2627.885537747632   58.312527932248
 1890.000000  -2694.549554459495   57.798651871064
 1896.000000  -2706.256653593882   56.616745982221
 1902.000000  -2717.523981573953   56.671925838723
 1908.000000  -2693.183595554457   56.679897078130
 1914.000000  -2745.318560817972   56.676267070550
 1920.000000  -2714.811323680990   56.771060283423
 1926.000000  -2699.988854805478   56.767490671681
 1932.000000  -2703.527604944448   57.520959833003
 1938.000000  -2671.523855517154   58.044610099781
 1944.000000  -2659.031707826783   57.589249742380
 1950.000000  -2660.263975918964   58.336765236918
 1956.000000  -2702.138881370625   57.682342249225
 1962.000000  -2748.074735144815   55.924628076530
 1968.000000  -2714.092429124316   56.458955824348
 1974.000000  -2614.924507074776   57.968751101232
 1980.000000  -2682.712210310807   56.855470880934
 1986.000000  -2730.675381555941   55.833000650006
 1992.000000  -2733.607913613105   56.838456874096
 1998.000000  -2693.579469541968   57.045736591032
 2004.000000  -2672.610008444486   57.766499036925
 2010.000000  -2670.072371881845   58.620042344235
 2016.000000  -2699.691815981081   56.567728699411
 2022.000000  -2734.544470766795   56.667137000857
 2028.000000  -2710.557603846751   57.245653953556
 2034.000000  -2712.332559396683   56.602384957290
 2040.000000  -2665.401153447072   57.948198823086
 2046.000000  -2648.759977868952   58.595739367141
 2052.000000  -2783.514330633270   54.944542609269
 2058.000000  -2672.849107419991   57.825745721220
 2064.000000  -2665.348554301335   57.517404162479
 2070.000000  -2728.575270189943   57.082838469617
 2076.000000  -2682.029634502800   57.877063152369
 2082.000000  -2604.917445225762   58.968013804337
 2088.000000  -2692.700817892199   57.539392303917
 2094.000000  -2626.392118167174   59.084961471685
 2100.000000  -2669.470553868399   57.945115311227
 2106.000000  -2786.220661434551   56.011608479685
 2112.000000  -2694.629784419429   57.480283599224
 2118.000000  -2634.552953732807   58.421118224559
 2124.000000  -2614.288513470197   59.003313888387
 2130.000000  -2690.733620254402   56.887380536022
 2136.000000  -2708.341530982710   56.676920508598
 2142.000000  -2679.170187878347   57.602879157658
 2148.000000  -2692.752220749075   57.149940279574
 2154.000000  -2684.166655555930   57.283412805259
 2160.000000  -2745.292362937480   55.900724339633
 2166.000000  -2709.204886723491   56.812904518925
 2172.000000  -2663.163606297828   57.391974036506
 2178.000000  -2766.046792768519   55.769796825702
 2184.000000  -2663.610789226885   58.150773447592
 2190.000000  -2734.925424233201   56.266344585444
 2196.000000  -2703.934560850081   56.629712277089
 2202.000000  -2717.456307304773   56.952864339871
 2208.000000  -2789.550033228390   55.904115446442
 2214.000000  -2725.043283528003   56.184119578339
 2220.000000  -2669.231054990397   56.634722531144
 2226.000000  -2708.867922018008   56.763304825212
 2232.000000  -2729.746954997884   57.032571202292
 2238.000000  -2750.662841850518   56.626238225728
 2244.000000  -2759.360600851890   55.763126817477
 2250.000000  -2738.072723707715   56.863928161619
 2256.000000  -2677.720231639047   57.802967840416
 2262.000000  -2662.444341498322   58.332427782750
 2268.000000  -2656.343454813609   58.061619681753
 2274.000000  -2666.908639092580   57.744371905377
 2280.000000  -2776.345187105651   55.823738299894
 2286.000000  -2673.689087149741   57.398557696274
 2292.000000  -2716.269210429548   57.237395749269
 2298.000000  -2702.192048219477   57.060395131263
 2304.000000  -2712.442240967812   57.563956412908
 2310.000000  -2699.830527603794   57.310632286165
 2316.000000  -2710.360028471566   57.765220896118
 2322.000000  -2704.742117851802   57.114820997394
 2328.000000  -2738.881207493657   56.143661458846
 2334.000000  -2683.305930405316   57.477776716687
 2340.000000  -2736.855391293252   56.004541525584
 2346.000000  -2723.802387627168   57.754790084892
 2352.000000  -2714.246130426900   57.386205633130
 2358.000000  -2783.288582033520   55.511575503177
 2364.000000  -2623.118956316545   58.289321416174
 2370.000000  -2653.613278331035   57.764117113514
 2376.000000  -2742.471047087461   56.224622044994
 2382.000000  -2739.351717051086   56.989344086116
 2388.000000  -2642.499341865438   57.770714760647
 2394.000000  -2673.550165800829   57.535639122468
 2400.000000  -2679.953193810555   57.767589758077
 2406.000000  -2656.227831956292   58.624069092801
 2412.000000  -2737.522406388122   56.797178689033
 2418.000000  -2758.229424878561   55.931476448238
 2424.000000  -2693.127364089525   56.460859909232
 2430.000000  -2724.492968288717   56.358011421929
 2436.000000  -2737.633694763955   56.836012178180
 2442.000000  -2789.097019029742   55.128720974331
 2448.000000  -2687.781495586438   56.931904901894
 2454.000000  -2685.566185353037   57.132863689905
 2460.000000  -2738.358380141884   56.552746483957
 2466.000000  -2749.460626114920   56.574209397722
 2472.000000  -2758.813711068648   55.357067664797
 2478.000000  -2670.827029734279   57.077262627013
 2484.000000  -2750.623104815435   56.436604030504
 2490.000000  -2633.427942724603   58.282226733830
 2496.000000  -2691.262182492360   56.616758587462
 2502.000000  -2719.556794171702   57.027544288095
 2508.000000  -2727.187826475619   57.218619019506
 2514.000000  -2715.991013736419   56.709610082359
 2520.000000  -2671.624852567284   57.951762181503
 2526.000000  -2786.054358585708   55.918843908859
 2532.000000  -2692.409514164405   56.882053931689
 2538.000000  -2742.657312665674   56.334139797679
 2544.000000  -2665.948256409776   58.029609778815
 2550.000000  -2657.462056580503   57.875605542801
 2556.000000  -2680.941736163037   57.491835970772
 2562.000000  -2666.005043095613   57.305919378230
 2568.000000  -2732.511034884673   56.289472958324
 2574.000000  -2728.116956596165   56.649465288366
 2580.000000  -2680.954907796999   57.706798011641
 2586.000000  -2687.795603724480   57.457041224475
 2592.000000  -2761.294026549122   55.763739125037
 2598.000000  -2786.061290034333   55.745314735315
 2604.000000  -2728.263190027345   56.934851839317
 2610.000000  -2723.827292493733   56.895363115032
 2616.000000  -2739.055759788219   57.168509925378
 2622.000000  -2678.200896275937   57.798384172203
 2628.000000  -2757.449585828826   56.615387025084
 2634.000000  -2717.908334772789   56.271311379350
 2640.000000  -2691.642928184962   57.011082076581
 2646.000000  -2702.622368317869   57.178352057577
 2652.000000  -2632.591035829295   58.196485041282
 2658.000000  -2696.176047491484   58.175809031725
 2664.000000  -2707.753877504614   57.769035595279
 2670.000000  -2628.135235221323   58.282956683627
 2676.000000  -2704.860285487668   57.128052623691
 2682.000000  -2779.976515349275   55.509613101342
 2688.000000  -2667.315192587290   57.558771549207
 2694.000000  -2696.280604323215   56.900901790775
 2700.000000  -2686.622427744008   56.807649970877
 2706.000000  -2686.220658526078   56.433779344233
 2712.000000  -2670.368105788417   58.767676776463
 2718.000000  -2746.951899667627   56.493264106181
 2724.000000  -2720.602417344990   56.960551438651
 2730.000000  -2702.295021397992   56.624405938688
 2736.000000  -2767.814875944711   55.168069440438
 2742.000000  -2781.283996343370   56.079318683079
 2748.000000  -2774.723671110337   55.255418924566
 2754.000000  -2689.322026122043   56.461818809941
 2760.000000  -2745.238780572132   55.465171973667
 2766.000000  -2768.183350897483   54.881942445822
 2772.000000  -2661.286673735631   57.903434771948
 2778.000000  -2610.270793780332   58.652326630419
 2784.000000  -2705.257428843098   57.308361537228
 2790.000000  -2679.446822909384   57.240913037234
 2796.000000  -2714.085220336406   56.579864887338
 2802.000000  -2661.574602314262   57.820721398674
 2808.000000  -2632.897069877939   58.328767809314
 2814.000000  -2752.090557053979   56.461053693289
 2820.000000  -2697.262546640922   57.187443723132
 2826.000000  -2717.128417691602   57.144562623846
 2832.000000  -2750.647500256883   56.015766646550
 2838.000000  -2621.555796620347   57.899715145967
 2844.000000  -2754.515116866548   56.052239253989
 2850.000000  -2793.553366653866   55.523952991955
 2856.000000  -2692.429666269087   56.775735815027
 2862.000000  -2686.900458740673   57.505397302536
 2868.000000  -2674.909006174326   57.670342136787
 2874.000000  -2691.589480687912   57.429445673291
 2880.000000  -2678.785138788770   56.731437363858
 2886.000000  -2764.487380109273   56.078751165944
 2892.000000  -2739.638543905125   56.250884071546
 2898.000000  -2737.112254004160   55.652426037649
 2904.000000  -2712.910926831293   56.413169355858
 2910.000000  -2686.796986519340   56.694236050600
 2916.000000  -2774.382284906334   55.771737389472
 2922.000000  -2697.123483540990   57.693540828800
 2928.000000  -2643.963966661183   58.139917040822
 2934.000000  -2722.504598359528   56.289802937457
 2940.000000  -2679.844454240350   56.922030287083
 2946.000000  -2656.615191242639   57.554518714618
 2952.000000  -2629.831478389424   58.446104971552
 2958.000000  -2678.007251535898   57.167598980568
 2964.000000  -2771.800779225462   55.728338956882
 2970.000000  -2704.691075490600   57.195655451224
 2976.000000  -2733.372771581577   56.268656152307
 2982.000000  -2742.800898425648   56.571356871798
 2988.000000  -2697.829041141580   57.086968748547
 2994.000000  -2699.311260697780   57.179114730805
 3000.000000  -2707.738643243594   56.317221736120
 3006.000000  -2734.947131144151   56.672876771794
 3012.000000  -2705.662460069692   57.083126746814
 3018.000000  -2671.765247113673   58.490644955893
 3024.000000  -2707.129252373216   56.703749458927
 3030.000000  -2712.962452518633   57.066974037058
 3036.000000  -2641.297201932895   58.909490109076
 3042.000000  -2698.546177131091   57.340143828214
 3048.000000  -2712.968371512618   57.905743590354
 3054.000000  -2704.894864898906   57.185918659613
 3060.000000  -2679.587532748164   57.800161910529
 3066.000000  -2732.416243591652   56.377991271765
 3072.000000  -2693.859162209778   57.636698377316
 3078.000000  -2698.667575498194   56.739772562248
 3084.000000  -2745.791431052480   56.427203021318
 3090.000000  -2702.363309856626   56.405793727077
 3096.000000  -2720.715826303060   56.738043008971
 3102.000000  -2726.697875653070   56.498037749888
 3108.000000  -2627.565566389933   57.495227504593
 3114.000000  -2718.996131958974   56.091514580557
 3120.000000  -2740.502917052043   56.402114703435
 3126.000000  -2750.412216022982   56.799350065595
 3132.000000  -2656.262418011960   58.236797443843
 3138.000000  -2669.651124469076   57.379764240645
 3144.000000  -2672.466428832503   57.238633670806
 3150.000000  -2650.081520788478   58.680397409782
 3156.000000  -2740.477989592477   56.813443942585
 3162.000000  -2726.394560487500   57.197296439167
 3168.000000  -2740.187598015631   55.773386566251
 3174.000000  -2763.006643674728   56.272386292328
 3180.000000  -2611.650882183083   58.692644687525
 3186.000000  -2646.294213940943   58.363536022276
 3192.000000  -2634.595877778478   58.643994646048
 3198.000000  -2731.656935387694   56.715019978224
 3204.000000  -2733.161245984174   55.771776221127
 3210.000000  -2739.875498788014   55.405026690442
 3216.000000  -2712.904268189559   56.677664625428
 3222.000000  -2697.871901956782   56.936026532723
 3228.000000  -2722.245856551029   57.476876268934
 3234.000000  -2746.990910492667   57.154185811519
 3240.000000  -2719.096454581900   57.409649178640
 3246.000000  -2725.917424419285   56.803176815452
 3252.000000  -2756.781272359704   56.096091471740
 3258.000000  -2664.149667562017   56.982630769658
 3264.000000  -2693.654819347572   57.012532256636
 3270.000000  -2664.592141017202   56.913481755051
 3276.000000  -2677.575168613469   56.854675609992
 3282.000000  -2699.582052354550   57.284007049235
 3288.000000  -2678.986858767070   56.762282969626
 3294.000000  -2790.214902238828   55.335134700273
 3300.000000  -2689.935968692868   56.416087567603
 3306.000000  -2687.816895371947   56.899012410044
 3312.000000  -2641.069663432687   58.204475066047
 3318.000000  -2754.970188678331   56.600851564174
 3324.000000  -2686.347840096249   57.318620436119
 3330.000000  -2721.846795477930   56.679834311893
 3336.000000  -2725.316260665363   55.903414478524
 3342.000000  -2690.294712735730   57.578298731283
 3348.000000  -2663.463541985618   58.466837590520
 3354.000000  -2670.660615103800   57.362087029035
 3360.000000  -2671.578272229345   57.338482499306
 3366.000000  -2677.833600222511   56.856978676921
 3372.000000  -2643.534856122297   58.353212004137
 3378.000000  -2712.553476052147   56.951735866159
 3384.000000  -2689.426356752733   57.313898214521
 3390.000000  -2759.801497466394   56.020011741245
 3396.000000  -2713.037237796248   56.611741520787
 3402.000000  -2695.781606807479   56.565898399263
 3408.000000  -2701.778476095440   56.655252207561
 3414.000000  -2725.367570740073   56.494730924328
 3420.000000  -2665.518045952319   57.143581138189
 3426.000000  -2650.056045324564   58.754259621574
 3432.000000  -2694.129510814373   57.470623314795
 3438.000000  -2644.821182186347   57.782946094149
 3444.000000  -2648.709714120694   57.135438355655
 3450.000000  -2697.130230041204   57.760319001138
 3456.000000  -2698.833901603395   57.413430725170
 3462.000000  -2737.105588538656   57.040710981010
 3468.000000  -2684.293309102666   57.684822237798
 3474.000000  -2732.135909387140   56.768372160100
 3480.000000  -2705.333483270400   56.565003230143
 3486.000000  -2717.581455160331   56.545807829519
 3492.000000  -2769.374484309303   56.496752520460
 3498.000000  -2681.017146820020   57.581724492002
 3504.000000  -2662.941697717509   58.053141979403
 3510.000000  -2658.215059654303   58.420055615086
 3516.000000  -2618.960220132395   59.724858552893
 3522.000000  -2696.453399464348   57.265423165226
 3528.000000  -2652.894878211502   57.742877933992
 3534.000000  -2680.582038051163   57.581007930882
 3540.000000  -2696.658555272434   57.398322651189
 3546.000000  -2681.733011656077   58.197066432763
 3552.000000  -2737.947323532792   56.920702920953
 3558.000000  -2692.948123155246   57.289958289370
 3564.000000  -2713.508514054485   56.959138565356
 3570.000000  -2643.853196518797   58.710929770927
 3576.000000  -2773.371037605104   55.503311158602
 3582.000000  -2642.773880364092   57.732106592378
 3588.000000  -2709.022240655426   57.439536710821
 3594.000000  -2691.211791161478   57.304634569615
 3600.000000  -2759.551689241850   55.458030957059
 3606.000000  -2666.118330271527   57.494244458034
 3612.000000  -2733.698158328064   56.643556773055
 3618.000000  -2700.010960360323   57.276456696406
 3624.000000  -2734.840523441592   57.325139231796
 3630.000000  -2731.939791651107   56.152091227727
 3636.000000  -2742.999387660557   56.348123144739
 3642.000000  -2631.159991125243   58.484746789107
 3648.000000  -2674.936752748914   57.847581358599
 3654.000000  -2640.712946525865   58.405254414465
 3660.000000  -2692.709670043646   57.823399777495
 3666.000000  -2707.973414927885   57.568564863629
 3672.000000  -2759.185932089040   56.227797229291
 3678.000000  -2646.109274594649   57.658108988316
 3684.000000  -2754.963931085197   56.089282300164
 3690.000000  -2766.202009987934   55.845950368524
 3696.000000  -2712.380234857098   57.333209045291
 3702.000000  -2700.029907483621   56.668657233667
 3708.000000  -2708.200936365398   57.108250178183
 3714.000000  -2694.565419694321   56.483268652995
 3720.000000  -2783.741826883569   55.287738730100
 3726.000000  -2728.110783015096   56.142822703697
 3732.000000  -2675.934556948544   58.034407715053
 3738.000000  -2707.164455819986   56.659413267842
 3744.000000  -2731.330823696506   56.308107867099
 3750.000000  -2742.540282614484   56.149431209380
 3756.000000  -2697.420503570783   56.567032083335
 3762.000000  -2688.355858215542   57.462435644932
 3768.000000  -2694.118677365834   57.392315982199
 3774.000000  -2717.543679142461   56.118624581317
 3780.000000  -2688.761422206806   56.888490837137
 3786.000000  -2691.119622247134   57.463652655366
 3792.000000  -2745.242811944428   56.162756813362
 3798.000000  -2675.612613271691   58.005783291878
 3804.000000  -2692.669581996270   56.967399738333
 3810.000000  -2710.434102224755   57.691550174469
 3816.000000  -2681.563013285173   57.070797852733
 3822.000000  -2620.248000521557   58.700273280423
 3828.000000  -2645.646993588034   57.756013703580
 3834.000000  -2686.247705328492   56.950393846762
 3840.000000  -2697.018916036222   57.130973729247
 3846.000000  -2715.288314031882   56.187000354094
 3852.000000  -2662.562958360173   58.067725355341
 3858.000000  -2675.479538480034   57.852804910707
 3864.000000  -2640.544955749811   57.259619076007
 3870.000000  -2699.209903384919   57.056881686011
 3876.000000  -2720.722730814530   56.613450443131
 3882.000000  -2698.916971828708   57.568044823114
 3888.000000  -2701.735755333166   57.269174495328
 3894.000000  -2728.964021650866   56.380555843566
 3900.000000  -2745.831092109504   55.837930554210
 3906.000000  -2716.050925621118   56.858327808572
 3912.000000  -2707.276921709724   56.782806038599
 3918.000000  -2736.303839666718   56.319294701423
 3924.000000  -2675.360950009476   57.792729476735
 3930.000000  -2664.778912787800   57.174124945033
 3936.000000  -2701.146441927589   56.243634832228
 3942.000000  -2691.407198488802   56.871570934654
 3948.000000  -2659.172673549295   57.640473823515
 3954.000000  -2750.452146801733   56.554238677924
 3960.000000  -2771.444521973647   55.401615070962
 3966.000000  -2753.314618356973   55.271336550702
 3972.000000  -2721.612857585082   56.767607838164
 3978.000000  -2731.994278525551   56.568635090791
 3984.000000  -2675.472825685719   57.130787331832
 3990.000000  -2695.566735121526   56.949598136637
 3996.000000  -2657.217130963167   58.225211489051
 4002.000000  -2664.717681459884   58.286420639090
 4008.000000  -2742.027177853799   55.913291463008
 4014.000000  -2687.209598554084   57.268854422803
 4020.000000  -2662.279746748152   58.066637111611
 4026.000000  -2718.907915762069   56.912417354303
 4032.000000  -2735.612122031571   56.389132090090
 4038.000000  -2695.281895324356   57.632685436159
 4044.000000  -2734.745666573009   56.580343069369
 4050.000000  -2648.520387572734   58.062494265306
 4056.000000  -2687.205504977175   57.753116149776
 4062.000000  -2675.863822524368   57.889114903323
 4068.000000  -2721.825267603449   56.016832258209
 4074.000000  -2719.983426242042   57.405712891728
 4080.000000  -2676.343974837050   58.097109364762
 4086.000000  -2683.264364895762   56.850818995683
 4092.000000  -2677.206277151774   57.825647393611
 4098.000000  -2729.860156154497   56.393785547375
 4104.000000  -2689.065846447470   57.310459895127
 4110.000000  -2670.746162319611   58.242825607544
 4116.000000  -2710.206016165133   56.683427000289
 4122.000000  -2671.107505549988   57.732147716024
 4128.000000  -2733.735761032287   56.990441541041
 4134.000000  -2644.172615112810   57.348268080015
 4140.000000  -2715.979748913478   56.530421261015
 4146.000000  -2656.108520482279   58.421651349138
 4152.000000  -2761.054857021902   56.864758324847
 4158.000000  -2749.067555923384   56.479951148502
 4164.000000  -2631.783685285875   58.092132867761
 4170.000000  -2668.381192152487   57.602253487801
 4176.000000  -2632.757770774898   58.417053888055
 4182.000000  -2643.972535528514   58.196810825279
 4188.000000  -2697.304388797637   57.724884117323
 4194.000000  -2688.181112706481   57.093995851952
 4200.000000  -2721.907527103344   57.085133809572
 4206.000000  -2667.706348643614   57.641145433846
 4212.000000  -2685.779262918112   57.499999628039
 4218.000000  -2591.972982211666   59.777230298136
 4224.000000  -2682.906106938889   57.404274845375
 4230.000000  -2685.998449466637   57.513287734669
 4236.000000  -2718.214215109693   56.877205693939
 4242.000000  -2654.282959521586   57.872424205209
 4248.000000  -2716.966538239624   57.269253090285
 4254.000000  -2703.002066426227   56.794307055850
 4260.000000  -2637.533894043805   58.542962922795
 4266.000000  -2681.381149254334   57.359108824613
 4272.000000  -2692.199945473828   57.213431805639
 4278.000000  -2663.634879132875   57.492197097152
 4284.000000  -2643.798737752746   57.209645342068
 4290.000000  -2669.218874717476   57.573981934350
 4296.000000  -2658.950354933259   57.320693291402
 4302.000000  -2625.813341027703   57.727379944931
 4308.000000  -2709.820842983140   57.132878416142
 4314.000000  -2697.251895496298   57.688293224228
 4320.000000  -2737.611942918363   57.021836113559
 4326.000000  -2777.114356993628   55.595108396676
 4332.000000  -2678.041728438171   57.193567381649
 4338.000000  -2697.230093553761   56.801760973056
 4344.000000  -2747.211750814218   56.584142253994
 4350.000000  -2724.658734353256   56.624766249828
 4356.000000  -2721.101936497440   56.385207745639
 4362.000000  -2734.255401825927   56.731143927061
 4368.000000  -2670.172603105102   57.320389513496
 4374.000000  -2709.299943675383   57.314160921275
 4380.000000  -2659.398367098244   57.942816293154
 4386.000000  -2655.510997714999   57.679676074733
 4392.000000  -2674.281676821081   57.545793711178
 4398.000000  -2761.249169653788   55.169397508387
 4404.000000  -2742.162053946816   56.009494862611
 4410.000000  -2645.328544127185   57.009118950773
 4416.000000  -2716.438766940553   56.710890872068
 4422.000000  -2717.686147141289   57.208333389443
 4428.000000  -2725.783515661853   57.504881791281
 4434.000000  -2669.697854376635   57.346483283115
 4440.000000  -2709.630542756886   57.426016411609
 4446.000000  -2731.154914524208   56.543861688587
 4452.000000  -2656.994276124426   57.875928814721
 4458.000000  -2713.105889263447   57.168317427787
 4464.000000  -2739.663961685130   55.683810310933
 4470.000000  -2737.333278565623   56.513313523354
 4476.000000  -2728.519747945432   56.503038136140
 4482.000000  -2718.075701905947   56.757146213236
 4488.000000  -2704.000185369393   56.631701467041
 4494.000000  -2678.237917039706   56.958158032709
 4500.000000  -2707.732422643955   57.120242042021
 4506.000000  -2647.585560172941   58.352809637018
 4512.000000  -2700.305994702890   57.245562416220
 4518.000000  -2653.473550419088   57.436938944501
 4524.000000  -2724.512980975031   56.858047855111
 4530.000000  -2694.445078259147   57.454813734556
 4536.000000  -2743.933017211448   56.284539584065
 4542.000000  -2644.631471399050   58.151566084076
 4548.000000  -2703.344211362803   57.089013877534
 4554.000000  -2605.131977837348   59.006921919383
 4560.000000  -2724.506373473479   57.701698729839
 4566.000000  -2648.336127771151   58.033420114496
 4572.000000  -2641.727159696704   57.969108666305
 4578.000000  -2689.630632896593   57.260995083287
 4584.000000  -2699.849947354202   56.447273790636
 4590.000000  -2683.918337826490   56.431452196505
 4596.000000  -2726.348921178908   56.566826560930
 4602.000000  -2773.477289884994   56.161608829686
 4608.000000  -2745.569648215603   56.676581948968
 4614.000000  -2657.815757715133   58.041893527209
 4620.000000  -2681.930945306990   57.260895014563
 4626.000000  -2695.324818980419   57.265706843213
 4632.000000  -2693.999460457953   56.602453721908
 4638.000000  -2731.268821304091   56.204693574199
 4644.000000  -2657.315395794259   57.491719628807
 4650.000000  -2714.690855369330   55.890533035510
 4656.000000  -2681.405389912744   57.384032817865
 4662.000000  -2658.295613178522   58.343203030633
 4668.000000  -2692.918360170409   57.397593184401
 4674.000000  -2676.410951807984   57.622835083573
 4680.000000  -2673.453112197782   56.913470216639
 4686.000000  -2757.402360543751   56.175638584050
 4692.000000  -2702.268223946710   57.015231290978
 4698.000000  -2675.017414438018   56.785778422470
 4704.000000  -2715.941881171158   56.560156200873
 4710.000000  -2702.677216130782   56.416071799993
 4716.000000  -2719.359672489204   56.952062469812
 4722.000000  -2705.522483016932   57.389796007245
 4728.000000  -2728.302176930316   57.691525197766
 4734.000000  -2672.929533179359   57.778422161797
 4740.000000  -2688.853384705833   57.502535236837
 4746.000000  -2707.460547291940   57.348461718418
 4752.000000  -2696.450141663160   56.330167179203
 4758.000000  -2722.524112550967   56.733613735932
 4764.000000  -2673.875481121160   58.552597372826
 4770.000000  -2661.497469350124   57.219899959918
 4776.000000  -2664.546150231292   57.501296221136
 4782.000000  -2683.719295642913   57.577998061935
 4788.000000  -2781.539228772850   55.692387740829
 4794.000000  -2735.169383373106   57.092912807693
 4800.000000  -2724.011143273978   57.162311680148
 4806.000000  -2709.868332381665   57.351809070942
 4812.000000  -2680.506453918839   58.130032949537
 4818.000000  -2711.498365155267   56.790386181166
 4824.000000  -2733.060708941927   56.071005101770
 4830.000000  -2694.073159042765   57.136870551451
 4836.000000  -2722.162947871483   56.705883398702
 4842.000000  -2708.737864755024   56.979107155595
 4848.000000  -2757.693182430452   56.640734613099
 4854.000000  -2718.826886690992   56.506681854449
 4860.000000  -2676.233341340978   57.043801726651
 4866.000000  -2654.012515999243   57.660910437974
 4872.000000  -2659.576161227801   57.950216824158
 4878.000000  -2770.724113364584   56.050492876689
 4884.000000  -2621.287386309839   58.388619513162
 4890.000000  -2661.735370232136   57.697985710004
 4896.000000  -2693.115878279976   57.369697207232
 4902.000000  -2663.694940606502   58.362517839360
 4908.000000  -2600.416304405176   59.057263700888
 4914.000000  -2742.622199986058   56.749375432141
 4920.000000  -2698.333880734384   56.757630219988
 4926.000000  -2644.987621560975   57.498213332294
 4932.000000  -2689.536335513875   57.272350545531
 4938.000000  -2682.554165682837   57.040216270416
 4944.000000  -2785.775649206941   55.579718391503
 4950.000000  -2625.165758079287   58.844850582364
 4956.000000  -2716.170792093719   56.906310743630
 4962.000000  -2772.134033395997   56.193123282927
 4968.000000  -2558.811595260056   59.227738813542
 4974.000000  -2670.450186463632   57.593289657736
 4980.000000  -2695.522445957687   56.693970556886
 4986.000000  -2678.157495610603   56.924513544635
 4992.000000  -2693.263798688502   57.856590388944
 4998.000000  -2593.039572200116   59.820242884306
 5004.000000  -2658.260552732489   58.426295550220
 5010.000000  -2696.269572874910   57.365862243975
 5016.000000  -2689.392590688185   56.911477216243
 5022.000000  -2673.791390894912   57.294879845224
 5028.000000  -2712.428124564606   57.331701507674
 5034.000000  -2647.762009295353   58.013805653872
 5040.000000  -2719.660112898490   57.368096585168
 5046.000000  -2782.527764402751   56.210419579727
 5052.000000  -2747.262178315477   55.761808578909
 5058.000000  -2669.396435003807   57.125572964692
 5064.000000  -2718.364668414834   56.875168194920
 5070.000000  -2723.195874126260   56.924681305848
 5076.000000  -2716.493749828242   56.600584909090
 5082.000000  -2668.486544436931   57.402854196193
 5088.000000  -2702.193310860796   57.405252388141
 5094.000000  -2684.597445836285   57.828104137218
 5100.000000  -2709.231059568363   56.430957924133
 5106.000000  -2679.102913971818   57.440529755973
 5112.000000  -2688.942770656344   57.396109706084
 5118.000000  -2767.128186062402   56.411194388516
 5124.000000  -2680.193530277340   57.557311749872
 5130.000000  -2755.086613803669   56.632850706836
 5136.000000  -2664.855638212802   57.658730545600
 5142.000000  -2701.447309996838   57.896632439442
 5148.000000  -2703.507608594880   57.289080658841
 5154.000000  -2690.059836177757   57.217267600085
 5160.000000  -2730.354565394788   57.415450674359
 5166.000000  -2708.947524619447   56.713662342573
 5172.000000  -2676.282629474254   56.884196307831
 5178.000000  -2649.765375814369   57.509767159851
 5184.000000  -2765.801928734922   55.497965313867
 5190.000000  -2708.790908528825   57.427419657614
 5196.000000  -2722.250643823735   56.643292298825
 5202.000000  -2720.272763054433   56.379976907056
 5208.000000  -2752.378437937246   56.466646655248
 5214.000000  -2743.584607016343   56.514786818483
 5220.000000  -2719.405839820282   56.760633724213
 5226.000000  -2636.508235727807   57.987949390827
 5232.000000  -2822.298664332314   55.614488920406
 5238.000000  -2580.217435143400   59.840550252740
 5244.000000  -2736.803353939171   56.746248644880
 5250.000000  -2655.354301636014   58.687760990710
 5256.000000  -2668.264166662077   57.721260337968
 5262.000000  -2757.503440770315   56.728906149386
 5268.000000  -2701.354127270863   56.917210972773
 5274.000000  -2730.356647116632   56.062064027637
 5280.000000  -2689.729753908717   56.970345251443
 5286.000000  -2611.647231215927   58.692905601188
 5292.000000  -2760.662388786325   55.854369303937
 5298.000000  -2682.957055608807   57.315604992191
 5304.000000  -2706.284933154026   56.905192233443
 5310.000000  -2730.304682401557   56.384602784294
 5316.000000  -2658.194363829115   57.621393707634
 5322.000000  -2653.888371620207   58.370175822458
 5328.000000  -2653.973573946499   57.816005488240
 5334.000000  -2670.179906407813   57.792545267728
 5340.000000  -2735.797534795258   56.653065702231
 5346.000000  -2651.606935020895   58.411324686127
 5352.000000  -2673.410107842267   57.539097085694
 5358.000000  -2721.714052589377   57.224741665242
 5364.000000  -2741.177576933023   55.978841876610
 5370.000000  -2664.587888785893   57.696006925895
 5376.000000  -2691.745721411522   56.897128684236
 5382.000000  -2700.674023217804   57.070732677579
 5388.000000  -2743.085034626946   56.169603840831
 5394.000000  -2701.097489268110   56.708150712838
 5400.000000  -2730.600308540427   55.837583898947
 5406.000000  -2694.679423420802   56.599411908469
 5412.000000  -2686.534075695102   56.473753789817
 5418.000000  -2697.196744512766   56.582775065895
 5424.000000  -2749.237191525915   56.862568212776
 5430.000000  -2658.551358594719   57.769364362553
 5436.000000  -2653.838765149632   58.164432369949
 5442.000000  -2728.428290184607   56.961452628184
 5448.000000  -2671.811948881093   57.802993604718
 5454.000000  -2695.586410800016   56.511149923173
 5460.000000  -2728.097618744109   56.351312162547
 5466.000000  -2689.469742368645   56.990930505108
 5472.000000  -2716.689343180507   57.019639983635
 5478.000000  -2678.608396413937   57.347534906282
 5484.000000  -2647.202270897175   59.014776554734
 5490.000000  -2668.278701001110   57.466871544128
 5496.000000  -2706.321022893857   57.399032018997
 5502.000000  -2639.944258381031   58.191791555084
 5508.000000  -2683.060258291895   57.411472111691
 5514.000000  -2681.926814099175   57.309543549364
 5520.000000  -2693.588093954446   57.935051889424
 5526.000000  -2776.731471410542   56.623452730858
 5532.000000  -2630.923950000191   58.775155430721
 5538.000000  -2659.048277453119   58.328367832508
 5544.000000  -2700.850808691328   57.658445763443
 5550.000000  -2684.476035404623   57.282806126281
 5556.000000  -2650.470748657493   58.213887707959
 5562.000000  -2692.770782952942   57.093977461243
 5568.000000  -2712.068466386568   56.578358608981
 5574.000000  -2693.197613487223   56.999728087776
 5580.000000  -2692.272894473650   56.668941041181
 5586.000000  -2678.764975333107   57.073883395146
 5592.000000  -2742.803676914874   57.042394586346
 5598.000000  -2727.259311286636   56.874761292217
 5604.000000  -2685.130542746171   56.829583517642
 5610.000000  -2660.831000086276   58.171636722626
 5616.000000  -2643.374555349169   58.600611378638
 5622.000000  -2697.382436292073   57.532231926445
 5628.000000  -2683.764871140483   57.514318342546
 5634.000000  -2716.479320642842   57.319981486656
 5640.000000  -2701.787819119302   56.625943453006
 5646.000000  -2657.353443696056   57.155210339623
 5652.000000  -2635.713474422385   58.304129113550
 5658.000000  -2610.052412488371   58.509703777617
 5664.000000  -2711.540647461765   56.605249045529
 5670.000000  -2695.786409970325   56.537386345832
 5676.000000  -2665.467628681670   57.246055312523
 5682.000000  -2631.123830780456   58.352967421499
 5688.000000  -2658.342167419486   58.554159109800
 5694.000000  -2653.790891109879   58.388173135704
 5700.000000  -2670.849726209472   57.911145051768
 5706.000000  -2666.022493255886   58.513348603887
 5712.000000  -2729.253589449087   56.628297489095
 5718.000000  -2695.995986326835   56.836732453727
 5724.000000  -2695.715899596919   57.662353876480
 5730.000000  -2697.285517483455   56.356528862128
 5736.000000  -2727.715714382276   56.569676901629
 5742.000000  -2686.610150550156   56.999507973839
 5748.000000  -2678.314809148252   57.429015850092
 5754.000000  -2764.836334509719   55.885880521072
 5760.000000  -2664.930853698220   58.044212963599
 5766.000000  -2713.061104002057   57.518462897883
 5772.000000  -2743.650794009457   56.324417709170
 5778.000000  -2666.783607298150   57.996349803883
 5784.000000  -2659.591524532810   58.337582638948
 5790.000000  -2744.290121616030   56.393341191684
 5796.000000  -2670.590176422792   57.759788324073
 5802.000000  -2665.008732869514   57.368668910119
 5808.000000  -2728.723105483059   56.390447024703
 5814.000000  -2755.048644033820   56.447089604833
 5820.000000  -2746.731605462397   55.840861603377
 5826.000000  -2766.982101466861   55.900141944181
 5832.000000  -2719.140005765615   57.091904671920
 5838.000000  -2662.459128617413   57.205410727648
 5844.000000  -2766.194461592553   56.658527014762
 5850.000000  -2638.534357428917   57.948959437433
 5856.000000  -2715.738579719182   56.874813820502
 5862.000000  -2760.016767107567   57.306916875231
 5868.000000  -2671.503045020339   57.019224311258
 5874.000000  -2678.923219934031   57.233982636087
 5880.000000  -2671.802314118579   57.467739359715
 5886.000000  -2719.837057485141   57.118529499413
 5892.000000  -2642.322539729099   58.360656136825
 5898.000000  -2737.679126088397   55.899511395304
 5904.000000  -2691.187733953526   56.453066363196
 5910.000000  -2646.456095912770   56.510550427089
 5916.000000  -2719.766553436222   56.724344700102
 5922.000000  -2744.557361682774   56.904486693750
 5928.000000  -2646.318631580787   57.123806550399
 5934.000000  -2708.608649696728   56.260760397793
 5940.000000  -2738.786660572835   56.233982942870
 5946.000000  -2729.640040890260   56.402662474811
 5952.000000  -2683.220349536361   57.685052679987
 5958.000000  -2617.240154327746   58.548226398586
 5964.000000  -2631.295815864083   58.868423510269
 5970.000000  -2665.224681949185   57.790540142280
 5976.000000  -2630.015624673112   58.225387938983
 5982.000000  -2687.108477059587   57.943572262823
 5988.000000  -2668.948195652824   57.666892256149
 5994.000000  -2729.584520764999   56.928354757753
 6000.000000  -2697.975416800360   56.918631467975
