      0.000    0.000
      0.002    0.000
      0.004    0.000
      0.006    0.000
      0.008    0.000
      0.010    0.000
      0.012    0.000
      0.014    0.000
      0.016    0.000
      0.018    0.000
      0.020    0.000
      0.022    0.000
      0.024    0.000
      0.026    0.000
      0.028    0.000
      0.030    0.000
      0.032    0.000
      0.034    0.000
      0.036    0.000
      0.038    0.000
      0.040    0.000
      0.042    0.000
      0.044    0.000
      0.046    0.000
      0.048    0.000
      0.050    0.000
      0.052    0.000
      0.054    0.000
      0.056    0.000
      0.058    0.000
      0.060    0.000
      0.062    0.000
      0.064    0.000
      0.066    0.000
      0.068    0.000
      0.070    0.000
      0.072    0.000
      0.074    0.000
      0.076    0.000
      0.078    0.000
      0.080    0.000
      0.082    0.000
      0.084    0.000
      0.086    0.000
      0.088    0.000
      0.090    0.000
      0.092    0.000
      0.094    0.000
      0.096    0.000
      0.098    0.000
      0.100    0.000
      0.102    0.000
      0.104    0.000
      0.106    0.000
      0.108    0.000
      0.110    0.000
      0.112    0.000
      0.114    0.000
      0.116    0.000
      0.118    0.000
      0.120    0.000
      0.122    0.000
      0.124    0.000
      0.126    0.000
      0.128    0.000
      0.130    0.000
      0.132    0.000
      0.134    0.000
      0.136    0.000
      0.138    0.000
      0.140    0.000
      0.142    0.000
      0.144    0.000
      0.146    0.000
      0.148    0.000
      0.150    0.000
      0.152    0.000
      0.154    0.000
      0.156    0.000
      0.158    0.000
      0.160    0.000
      0.162    0.000
      0.164    0.000
      0.166    0.000
      0.168    0.000
      0.170    0.000
      0.172    0.000
      0.174    0.000
      0.176    0.000
      0.178    0.000
      0.180    0.000
      0.182    0.000
      0.184    0.000
      0.186    0.000
      0.188    0.000
      0.190    0.000
      0.192    0.000
      0.194    0.000
      0.196    0.000
      0.198    0.000
      0.200    0.000
      0.202    0.000
      0.204    0.000
      0.206    0.000
      0.208    0.000
      0.210    0.000
      0.212    0.000
      0.214    0.000
      0.216    0.000
      0.218    0.000
      0.220    0.000
      0.222    0.000
      0.224    0.000
      0.226    0.000
      0.228    0.000
      0.230    0.000
      0.232    0.000
      0.234    0.000
      0.236    0.000
      0.238    0.000
      0.240    0.000
      0.242    0.000
      0.244    0.000
      0.246    0.000
      0.248    0.000
      0.250    0.000
      0.252    0.000
      0.254    0.000
      0.256    0.000
      0.258    0.000
      0.260    0.000
      0.262    0.000
      0.264    0.000
      0.266    0.000
      0.268    0.000
      0.270    0.000
      0.272    0.000
      0.274    0.000
      0.276    0.000
      0.278    0.000
      0.280    0.000
      0.282    0.000
      0.284    0.000
      0.286    0.000
      0.288    0.000
      0.290    0.000
      0.292    0.000
      0.294    0.000
      0.296    0.000
      0.298    0.000
      0.300    0.000
      0.302    0.000
      0.304    0.000
      0.306    0.000
      0.308    0.000
      0.310    0.000
      0.312    0.000
      0.314    0.000
      0.316    0.000
      0.318    0.000
      0.320    0.000
      0.322    0.000
      0.324    0.000
      0.326    0.000
      0.328    0.001
      0.330    0.001
      0.332    0.002
      0.334    0.005
      0.336    0.007
      0.338    0.014
      0.340    0.022
      0.342    0.036
      0.344    0.052
      0.346    0.078
      0.348    0.107
      0.350    0.144
      0.352    0.197
      0.354    0.247
      0.356    0.301
      0.358    0.377
      0.360    0.457
      0.362    0.536
      0.364    0.633
      0.366    0.717
      0.368    0.810
      0.370    0.903
      0.372    0.989
      0.374    1.093
      0.376    1.182
      0.378    1.266
      0.380    1.351
      0.382    1.432
      0.384    1.505
      0.386    1.568
      0.388    1.612
      0.390    1.665
      0.392    1.707
      0.394    1.757
      0.396    1.781
      0.398    1.796
      0.400    1.822
      0.402    1.845
      0.404    1.858
      0.406    1.864
      0.408    1.851
      0.410    1.853
      0.412    1.866
      0.414    1.864
      0.416    1.829
      0.418    1.831
      0.420    1.814
      0.422    1.808
      0.424    1.789
      0.426    1.764
      0.428    1.755
      0.430    1.732
      0.432    1.725
      0.434    1.698
      0.436    1.693
      0.438    1.663
      0.440    1.645
      0.442    1.635
      0.444    1.599
      0.446    1.597
      0.448    1.574
      0.450    1.557
      0.452    1.538
      0.454    1.532
      0.456    1.508
      0.458    1.492
      0.460    1.481
      0.462    1.476
      0.464    1.467
      0.466    1.447
      0.468    1.427
      0.470    1.424
      0.472    1.420
      0.474    1.405
      0.476    1.403
      0.478    1.389
      0.480    1.385
      0.482    1.383
      0.484    1.377
      0.486    1.371
      0.488    1.367
      0.490    1.354
      0.492    1.350
      0.494    1.355
      0.496    1.353
      0.498    1.347
      0.500    1.344
      0.502    1.343
      0.504    1.339
      0.506    1.344
      0.508    1.332
      0.510    1.328
      0.512    1.321
      0.514    1.322
      0.516    1.324
      0.518    1.306
      0.520    1.302
      0.522    1.291
      0.524    1.277
      0.526    1.273
      0.528    1.259
      0.530    1.249
      0.532    1.225
      0.534    1.213
      0.536    1.197
      0.538    1.181
      0.540    1.168
      0.542    1.148
      0.544    1.131
      0.546    1.113
      0.548    1.095
      0.550    1.076
      0.552    1.063
      0.554    1.044
      0.556    1.021
      0.558    1.013
      0.560    0.992
      0.562    0.978
      0.564    0.960
      0.566    0.952
      0.568    0.928
      0.570    0.915
      0.572    0.903
      0.574    0.890
      0.576    0.874
      0.578    0.868
      0.580    0.849
      0.582    0.838
      0.584    0.830
      0.586    0.819
      0.588    0.811
      0.590    0.796
      0.592    0.788
      0.594    0.780
      0.596    0.768
      0.598    0.761
      0.600    0.753
      0.602    0.750
      0.604    0.742
      0.606    0.735
      0.608    0.729
      0.610    0.720
      0.612    0.716
      0.614    0.709
      0.616    0.709
      0.618    0.704
      0.620    0.700
      0.622    0.698
      0.624    0.695
      0.626    0.697
      0.628    0.690
      0.630    0.692
      0.632    0.688
      0.634    0.688
      0.636    0.686
      0.638    0.691
      0.640    0.685
      0.642    0.685
      0.644    0.687
      0.646    0.693
      0.648    0.689
      0.650    0.689
      0.652    0.695
      0.654    0.698
      0.656    0.698
      0.658    0.702
      0.660    0.709
      0.662    0.706
      0.664    0.712
      0.666    0.717
      0.668    0.721
      0.670    0.721
      0.672    0.730
      0.674    0.737
      0.676    0.743
      0.678    0.747
      0.680    0.745
      0.682    0.751
      0.684    0.760
      0.686    0.769
      0.688    0.772
      0.690    0.783
      0.692    0.787
      0.694    0.790
      0.696    0.799
      0.698    0.800
      0.700    0.816
      0.702    0.824
      0.704    0.828
      0.706    0.836
      0.708    0.843
      0.710    0.849
      0.712    0.861
      0.714    0.869
      0.716    0.879
      0.718    0.880
      0.720    0.892
      0.722    0.904
      0.724    0.909
      0.726    0.911
      0.728    0.924
      0.730    0.932
      0.732    0.944
      0.734    0.949
      0.736    0.956
      0.738    0.964
      0.740    0.972
      0.742    0.977
      0.744    0.989
      0.746    0.998
      0.748    1.004
      0.750    1.014
      0.752    1.019
      0.754    1.028
      0.756    1.034
      0.758    1.044
      0.760    1.046
      0.762    1.056
      0.764    1.060
      0.766    1.069
      0.768    1.075
      0.770    1.085
      0.772    1.087
      0.774    1.098
      0.776    1.096
      0.778    1.109
      0.780    1.110
      0.782    1.115
      0.784    1.119
      0.786    1.124
      0.788    1.132
      0.790    1.132
      0.792    1.139
      0.794    1.139
      0.796    1.144
      0.798    1.144
      0.800    1.149
      0.802    1.153
      0.804    1.157
      0.806    1.159
      0.808    1.155
      0.810    1.161
      0.812    1.162
      0.814    1.161
      0.816    1.164
      0.818    1.163
      0.820    1.170
      0.822    1.170
      0.824    1.164
      0.826    1.167
      0.828    1.167
      0.830    1.170
      0.832    1.167
      0.834    1.173
      0.836    1.165
      0.838    1.172
      0.840    1.165
      0.842    1.163
      0.844    1.161
      0.846    1.159
      0.848    1.153
      0.850    1.154
      0.852    1.154
      0.854    1.157
      0.856    1.152
      0.858    1.146
      0.860    1.144
      0.862    1.147
      0.864    1.139
      0.866    1.139
      0.868    1.141
      0.870    1.132
      0.872    1.135
      0.874    1.133
      0.876    1.128
      0.878    1.124
      0.880    1.121
      0.882    1.117
      0.884    1.116
      0.886    1.110
      0.888    1.106
      0.890    1.106
      0.892    1.104
      0.894    1.101
      0.896    1.093
      0.898    1.094
      0.900    1.086
      0.902    1.085
      0.904    1.076
      0.906    1.076
      0.908    1.072
      0.910    1.072
      0.912    1.064
      0.914    1.061
      0.916    1.053
      0.918    1.054
      0.920    1.049
      0.922    1.044
      0.924    1.039
      0.926    1.036
      0.928    1.033
      0.930    1.028
      0.932    1.025
      0.934    1.017
      0.936    1.010
      0.938    1.006
      0.940    1.002
      0.942    1.002
      0.944    0.996
      0.946    0.990
      0.948    0.986
      0.950    0.983
      0.952    0.980
      0.954    0.976
      0.956    0.971
      0.958    0.969
      0.960    0.959
      0.962    0.964
      0.964    0.960
      0.966    0.954
      0.968    0.952
      0.970    0.949
      0.972    0.941
      0.974    0.939
      0.976    0.940
      0.978    0.937
      0.980    0.932
      0.982    0.926
      0.984    0.924
      0.986    0.922
      0.988    0.921
      0.990    0.917
      0.992    0.916
      0.994    0.912
      0.996    0.908
      0.998    0.907
      1.000    0.903
      1.002    0.907
      1.004    0.905
      1.006    0.904
      1.008    0.900
      1.010    0.902
      1.012    0.899
      1.014    0.899
      1.016    0.898
      1.018    0.897
      1.020    0.900
      1.022    0.897
      1.024    0.899
      1.026    0.902
      1.028    0.896
      1.030    0.895
      1.032    0.892
      1.034    0.893
      1.036    0.895
      1.038    0.899
      1.040    0.898
      1.042    0.902
      1.044    0.900
      1.046    0.904
      1.048    0.901
      1.050    0.903
      1.052    0.904
      1.054    0.909
      1.056    0.909
      1.058    0.909
      1.060    0.913
      1.062    0.911
      1.064    0.916
      1.066    0.915
      1.068    0.917
      1.070    0.920
      1.072    0.918
      1.074    0.924
      1.076    0.927
      1.078    0.930
      1.080    0.930
      1.082    0.936
      1.084    0.937
      1.086    0.943
      1.088    0.937
      1.090    0.944
      1.092    0.944
      1.094    0.949
      1.096    0.953
      1.098    0.955
      1.100    0.958
      1.102    0.960
      1.104    0.966
      1.106    0.966
      1.108    0.969
      1.110    0.976
      1.112    0.976
      1.114    0.976
      1.116    0.981
      1.118    0.983
      1.120    0.986
      1.122    0.991
      1.124    0.993
      1.126    0.996
      1.128    0.997
      1.130    1.001
      1.132    1.004
      1.134    1.003
      1.136    1.009
      1.138    1.011
      1.140    1.017
      1.142    1.012
      1.144    1.018
      1.146    1.017
      1.148    1.022
      1.150    1.026
      1.152    1.027
      1.154    1.029
      1.156    1.031
      1.158    1.033
      1.160    1.034
      1.162    1.037
      1.164    1.039
      1.166    1.042
      1.168    1.040
      1.170    1.044
      1.172    1.042
      1.174    1.046
      1.176    1.048
      1.178    1.047
      1.180    1.051
      1.182    1.052
      1.184    1.051
      1.186    1.056
      1.188    1.056
      1.190    1.054
      1.192    1.059
      1.194    1.057
      1.196    1.056
      1.198    1.057
      1.200    1.058
      1.202    1.060
      1.204    1.061
      1.206    1.062
      1.208    1.060
      1.210    1.063
      1.212    1.061
      1.214    1.060
      1.216    1.059
      1.218    1.063
      1.220    1.063
      1.222    1.061
      1.224    1.061
      1.226    1.059
      1.228    1.058
      1.230    1.060
      1.232    1.058
      1.234    1.058
      1.236    1.054
      1.238    1.057
      1.240    1.059
      1.242    1.055
      1.244    1.054
      1.246    1.054
      1.248    1.052
      1.250    1.047
      1.252    1.052
      1.254    1.049
      1.256    1.047
      1.258    1.046
      1.260    1.048
      1.262    1.046
      1.264    1.046
      1.266    1.042
      1.268    1.045
      1.270    1.044
      1.272    1.041
      1.274    1.040
      1.276    1.034
      1.278    1.036
      1.280    1.032
      1.282    1.032
      1.284    1.031
      1.286    1.029
      1.288    1.028
      1.290    1.024
      1.292    1.025
      1.294    1.025
      1.296    1.023
      1.298    1.022
      1.300    1.021
      1.302    1.020
      1.304    1.015
      1.306    1.014
      1.308    1.015
      1.310    1.011
      1.312    1.007
      1.314    1.008
      1.316    1.003
      1.318    1.005
      1.320    1.002
      1.322    1.001
      1.324    1.001
      1.326    0.997
      1.328    0.998
      1.330    1.000
      1.332    0.997
      1.334    0.995
      1.336    0.992
      1.338    0.989
      1.340    0.988
      1.342    0.990
      1.344    0.984
      1.346    0.983
      1.348    0.980
      1.350    0.982
      1.352    0.980
      1.354    0.980
      1.356    0.976
      1.358    0.976
      1.360    0.977
      1.362    0.974
      1.364    0.973
      1.366    0.975
      1.368    0.974
      1.370    0.974
      1.372    0.970
      1.374    0.971
      1.376    0.969
      1.378    0.969
      1.380    0.967
      1.382    0.966
      1.384    0.964
      1.386    0.967
      1.388    0.964
      1.390    0.963
      1.392    0.963
      1.394    0.964
      1.396    0.962
      1.398    0.961
      1.400    0.962