      0.000    0.000
      0.002    0.000
      0.004    0.000
      0.006    0.000
      0.008    0.000
      0.010    0.000
      0.012    0.000
      0.014    0.000
      0.016    0.000
      0.018    0.000
      0.020    0.000
      0.022    0.000
      0.024    0.000
      0.026    0.000
      0.028    0.000
      0.030    0.000
      0.032    0.000
      0.034    0.000
      0.036    0.000
      0.038    0.000
      0.040    0.000
      0.042    0.000
      0.044    0.000
      0.046    0.000
      0.048    0.000
      0.050    0.000
      0.052    0.000
      0.054    0.000
      0.056    0.000
      0.058    0.000
      0.060    0.000
      0.062    0.000
      0.064    0.000
      0.066    0.000
      0.068    0.000
      0.070    0.000
      0.072    0.000
      0.074    0.000
      0.076    0.000
      0.078    0.000
      0.080    0.000
      0.082    0.000
      0.084    0.000
      0.086    0.000
      0.088    0.000
      0.090    0.000
      0.092    0.000
      0.094    0.000
      0.096    0.000
      0.098    0.000
      0.100    0.000
      0.102    0.000
      0.104    0.000
      0.106    0.000
      0.108    0.000
      0.110    0.000
      0.112    0.000
      0.114    0.000
      0.116    0.000
      0.118    0.000
      0.120    0.000
      0.122    0.000
      0.124    0.000
      0.126    0.000
      0.128    0.000
      0.130    0.000
      0.132    0.000
      0.134    0.000
      0.136    0.000
      0.138    0.000
      0.140    0.000
      0.142    0.000
      0.144    0.000
      0.146    0.000
      0.148    0.000
      0.150    0.000
      0.152    0.000
      0.154    0.000
      0.156    0.000
      0.158    0.000
      0.160    0.000
      0.162    0.000
      0.164    0.000
      0.166    0.000
      0.168    0.000
      0.170    0.000
      0.172    0.000
      0.174    0.000
      0.176    0.000
      0.178    0.000
      0.180    0.000
      0.182    0.000
      0.184    0.000
      0.186    0.000
      0.188    0.000
      0.190    0.000
      0.192    0.000
      0.194    0.000
      0.196    0.000
      0.198    0.000
      0.200    0.000
      0.202    0.000
      0.204    0.000
      0.206    0.000
      0.208    0.000
      0.210    0.000
      0.212    0.000
      0.214    0.000
      0.216    0.000
      0.218    0.000
      0.220    0.000
      0.222    0.000
      0.224    0.000
      0.226    0.000
      0.228    0.000
      0.230    0.000
      0.232    0.000
      0.234    0.000
      0.236    0.000
      0.238    0.000
      0.240    0.000
      0.242    0.000
      0.244    0.000
      0.246    0.000
      0.248    0.000
      0.250    0.000
      0.252    0.000
      0.254    0.000
      0.256    0.000
      0.258    0.000
      0.260    0.000
      0.262    0.000
      0.264    0.000
      0.266    0.000
      0.268    0.000
      0.270    0.000
      0.272    0.000
      0.274    0.000
      0.276    0.000
      0.278    0.000
      0.280    0.000
      0.282    0.000
      0.284    0.000
      0.286    0.000
      0.288    0.000
      0.290    0.000
      0.292    0.000
      0.294    0.000
      0.296    0.000
      0.298    0.000
      0.300    0.000
      0.302    0.000
      0.304    0.000
      0.306    0.000
      0.308    0.000
      0.310    0.000
      0.312    0.000
      0.314    0.000
      0.316    0.000
      0.318    0.000
      0.320    0.000
      0.322    0.000
      0.324    0.000
      0.326    0.000
      0.328    0.000
      0.330    0.000
      0.332    0.000
      0.334    0.000
      0.336    0.000
      0.338    0.000
      0.340    0.000
      0.342    0.000
      0.344    0.001
      0.346    0.003
      0.348    0.005
      0.350    0.011
      0.352    0.022
      0.354    0.037
      0.356    0.060
      0.358    0.095
      0.360    0.138
      0.362    0.201
      0.364    0.276
      0.366    0.358
      0.368    0.466
      0.370    0.576
      0.372    0.697
      0.374    0.820
      0.376    0.956
      0.378    1.092
      0.380    1.226
      0.382    1.359
      0.384    1.457
      0.386    1.578
      0.388    1.681
      0.390    1.777
      0.392    1.848
      0.394    1.920
      0.396    1.981
      0.398    2.017
      0.400    2.068
      0.402    2.070
      0.404    2.091
      0.406    2.117
      0.408    2.103
      0.410    2.099
      0.412    2.094
      0.414    2.092
      0.416    2.082
      0.418    2.039
      0.420    2.028
      0.422    1.999
      0.424    1.969
      0.426    1.943
      0.428    1.909
      0.430    1.890
      0.432    1.852
      0.434    1.828
      0.436    1.785
      0.438    1.770
      0.440    1.737
      0.442    1.700
      0.444    1.680
      0.446    1.649
      0.448    1.613
      0.450    1.596
      0.452    1.573
      0.454    1.543
      0.456    1.531
      0.458    1.501
      0.460    1.486
      0.462    1.462
      0.464    1.452
      0.466    1.422
      0.468    1.417
      0.470    1.410
      0.472    1.387
      0.474    1.377
      0.476    1.373
      0.478    1.367
      0.480    1.346
      0.482    1.337
      0.484    1.330
      0.486    1.328
      0.488    1.326
      0.490    1.318
      0.492    1.315
      0.494    1.305
      0.496    1.316
      0.498    1.322
      0.500    1.320
      0.502    1.306
      0.504    1.317
      0.506    1.311
      0.508    1.306
      0.510    1.309
      0.512    1.315
      0.514    1.315
      0.516    1.306
      0.518    1.308
      0.520    1.306
      0.522    1.310
      0.524    1.303
      0.526    1.296
      0.528    1.287
      0.530    1.279
      0.532    1.262
      0.534    1.253
      0.536    1.236
      0.538    1.212
      0.540    1.210
      0.542    1.186
      0.544    1.176
      0.546    1.148
      0.548    1.132
      0.550    1.109
      0.552    1.089
      0.554    1.069
      0.556    1.053
      0.558    1.026
      0.560    1.009
      0.562    0.987
      0.564    0.969
      0.566    0.947
      0.568    0.931
      0.570    0.913
      0.572    0.891
      0.574    0.878
      0.576    0.859
      0.578    0.855
      0.580    0.835
      0.582    0.820
      0.584    0.808
      0.586    0.796
      0.588    0.785
      0.590    0.764
      0.592    0.762
      0.594    0.742
      0.596    0.738
      0.598    0.729
      0.600    0.719
      0.602    0.707
      0.604    0.709
      0.606    0.696
      0.608    0.691
      0.610    0.687
      0.612    0.682
      0.614    0.680
      0.616    0.674
      0.618    0.672
      0.620    0.665
      0.622    0.662
      0.624    0.660
      0.626    0.653
      0.628    0.656
      0.630    0.650
      0.632    0.653
      0.634    0.653
      0.636    0.650
      0.638    0.654
      0.640    0.652
      0.642    0.656
      0.644    0.658
      0.646    0.653
      0.648    0.655
      0.650    0.657
      0.652    0.663
      0.654    0.668
      0.656    0.670
      0.658    0.668
      0.660    0.672
      0.662    0.678
      0.664    0.683
      0.666    0.693
      0.668    0.698
      0.670    0.695
      0.672    0.705
      0.674    0.707
      0.676    0.715
      0.678    0.718
      0.680    0.729
      0.682    0.735
      0.684    0.741
      0.686    0.745
      0.688    0.760
      0.690    0.767
      0.692    0.772
      0.694    0.782
      0.696    0.787
      0.698    0.793
      0.700    0.802
      0.702    0.813
      0.704    0.822
      0.706    0.833
      0.708    0.840
      0.710    0.845
      0.712    0.857
      0.714    0.860
      0.716    0.876
      0.718    0.883
      0.720    0.892
      0.722    0.898
      0.724    0.909
      0.726    0.918
      0.728    0.927
      0.730    0.937
      0.732    0.949
      0.734    0.958
      0.736    0.965
      0.738    0.971
      0.740    0.984
      0.742    0.987
      0.744    0.995
      0.746    1.010
      0.748    1.015
      0.750    1.021
      0.752    1.030
      0.754    1.042
      0.756    1.047
      0.758    1.054
      0.760    1.060
      0.762    1.071
      0.764    1.078
      0.766    1.089
      0.768    1.094
      0.770    1.101
      0.772    1.106
      0.774    1.115
      0.776    1.120
      0.778    1.126
      0.780    1.138
      0.782    1.137
      0.784    1.147
      0.786    1.146
      0.788    1.152
      0.790    1.159
      0.792    1.154
      0.794    1.169
      0.796    1.168
      0.798    1.172
      0.800    1.178
      0.802    1.179
      0.804    1.183
      0.806    1.189
      0.808    1.186
      0.810    1.190
      0.812    1.191
      0.814    1.192
      0.816    1.192
      0.818    1.190
      0.820    1.189
      0.822    1.188
      0.824    1.188
      0.826    1.190
      0.828    1.193
      0.830    1.187
      0.832    1.185
      0.834    1.182
      0.836    1.188
      0.838    1.185
      0.840    1.176
      0.842    1.176
      0.844    1.174
      0.846    1.174
      0.848    1.174
      0.850    1.170
      0.852    1.166
      0.854    1.162
      0.856    1.160
      0.858    1.155
      0.860    1.153
      0.862    1.152
      0.864    1.149
      0.866    1.147
      0.868    1.148
      0.870    1.146
      0.872    1.141
      0.874    1.135
      0.876    1.132
      0.878    1.126
      0.880    1.126
      0.882    1.119
      0.884    1.119
      0.886    1.115
      0.888    1.108
      0.890    1.107
      0.892    1.105
      0.894    1.097
      0.896    1.098
      0.898    1.092
      0.900    1.089
      0.902    1.089
      0.904    1.081
      0.906    1.079
      0.908    1.075
      0.910    1.068
      0.912    1.062
      0.914    1.064
      0.916    1.060
      0.918    1.054
      0.920    1.048
      0.922    1.046
      0.924    1.040
      0.926    1.040
      0.928    1.029
      0.930    1.027
      0.932    1.021
      0.934    1.019
      0.936    1.011
      0.938    1.006
      0.940    1.002
      0.942    1.000
      0.944    0.991
      0.946    0.989
      0.948    0.982
      0.950    0.978
      0.952    0.975
      0.954    0.966
      0.956    0.965
      0.958    0.959
      0.960    0.956
      0.962    0.950
      0.964    0.945
      0.966    0.942
      0.968    0.942
      0.970    0.936
      0.972    0.932
      0.974    0.921
      0.976    0.922
      0.978    0.921
      0.980    0.917
      0.982    0.911
      0.984    0.912
      0.986    0.909
      0.988    0.904
      0.990    0.903
      0.992    0.900
      0.994    0.895
      0.996    0.897
      0.998    0.895
      1.000    0.891
      1.002    0.890
      1.004    0.888
      1.006    0.884
      1.008    0.882
      1.010    0.883
      1.012    0.879
      1.014    0.880
      1.016    0.879
      1.018    0.880
      1.020    0.882
      1.022    0.883
      1.024    0.879
      1.026    0.874
      1.028    0.882
      1.030    0.878
      1.032    0.881
      1.034    0.882
      1.036    0.882
      1.038    0.882
      1.040    0.881
      1.042    0.887
      1.044    0.883
      1.046    0.886
      1.048    0.888
      1.050    0.887
      1.052    0.893
      1.054    0.893
      1.056    0.895
      1.058    0.898
      1.060    0.900
      1.062    0.901
      1.064    0.901
      1.066    0.908
      1.068    0.908
      1.070    0.912
      1.072    0.914
      1.074    0.919
      1.076    0.922
      1.078    0.922
      1.080    0.922
      1.082    0.928
      1.084    0.933
      1.086    0.935
      1.088    0.940
      1.090    0.943
      1.092    0.942
      1.094    0.947
      1.096    0.951
      1.098    0.953
      1.100    0.960
      1.102    0.962
      1.104    0.963
      1.106    0.971
      1.108    0.973
      1.110    0.977
      1.112    0.978
      1.114    0.983
      1.116    0.982
      1.118    0.988
      1.120    0.993
      1.122    0.995
      1.124    0.997
      1.126    1.000
      1.128    1.002
      1.130    1.009
      1.132    1.012
      1.134    1.011
      1.136    1.016
      1.138    1.019
      1.140    1.020
      1.142    1.027
      1.144    1.029
      1.146    1.030
      1.148    1.033
      1.150    1.036
      1.152    1.037
      1.154    1.041
      1.156    1.041
      1.158    1.044
      1.160    1.045
      1.162    1.048
      1.164    1.053
      1.166    1.055
      1.168    1.054
      1.170    1.057
      1.172    1.058
      1.174    1.062
      1.176    1.062
      1.178    1.062
      1.180    1.064
      1.182    1.066
      1.184    1.066
      1.186    1.065
      1.188    1.069
      1.190    1.067
      1.192    1.069
      1.194    1.070
      1.196    1.069
      1.198    1.075
      1.200    1.070
      1.202    1.071
      1.204    1.072
      1.206    1.072
      1.208    1.071
      1.210    1.073
      1.212    1.069
      1.214    1.071
      1.216    1.072
      1.218    1.071
      1.220    1.072
      1.222    1.068
      1.224    1.067
      1.226    1.067
      1.228    1.069
      1.230    1.067
      1.232    1.064
      1.234    1.066
      1.236    1.065
      1.238    1.066
      1.240    1.066
      1.242    1.065
      1.244    1.062
      1.246    1.058
      1.248    1.060
      1.250    1.058
      1.252    1.058
      1.254    1.053
      1.256    1.052
      1.258    1.053
      1.260    1.053
      1.262    1.047
      1.264    1.049
      1.266    1.047
      1.268    1.045
      1.270    1.043
      1.272    1.045
      1.274    1.041
      1.276    1.040
      1.278    1.038
      1.280    1.035
      1.282    1.036
      1.284    1.033
      1.286    1.033
      1.288    1.030
      1.290    1.027
      1.292    1.026
      1.294    1.023
      1.296    1.022
      1.298    1.020
      1.300    1.016
      1.302    1.015
      1.304    1.011
      1.306    1.013
      1.308    1.011
      1.310    1.007
      1.312    1.007
      1.314    1.004
      1.316    1.001
      1.318    1.002
      1.320    0.999
      1.322    0.998
      1.324    0.994
      1.326    0.993
      1.328    0.992
      1.330    0.989
      1.332    0.987
      1.334    0.984
      1.336    0.985
      1.338    0.983
      1.340    0.983
      1.342    0.983
      1.344    0.980
      1.346    0.978
      1.348    0.977
      1.350    0.974
      1.352    0.972
      1.354    0.972
      1.356    0.969
      1.358    0.970
      1.360    0.966
      1.362    0.968
      1.364    0.964
      1.366    0.965
      1.368    0.965
      1.370    0.961
      1.372    0.960
      1.374    0.960
      1.376    0.960
      1.378    0.961
      1.380    0.957
      1.382    0.956
      1.384    0.956
      1.386    0.954
      1.388    0.957
      1.390    0.956
      1.392    0.955
      1.394    0.957
      1.396    0.952
      1.398    0.955
      1.400    0.952