      0.000    0.000
      0.002    0.000
      0.004    0.000
      0.006    0.000
      0.008    0.000
      0.010    0.000
      0.012    0.000
      0.014    0.000
      0.016    0.000
      0.018    0.000
      0.020    0.000
      0.022    0.000
      0.024    0.000
      0.026    0.000
      0.028    0.000
      0.030    0.000
      0.032    0.000
      0.034    0.000
      0.036    0.000
      0.038    0.000
      0.040    0.000
      0.042    0.000
      0.044    0.000
      0.046    0.000
      0.048    0.000
      0.050    0.000
      0.052    0.000
      0.054    0.000
      0.056    0.000
      0.058    0.000
      0.060    0.000
      0.062    0.000
      0.064    0.000
      0.066    0.000
      0.068    0.000
      0.070    0.000
      0.072    0.000
      0.074    0.000
      0.076    0.000
      0.078    0.000
      0.080    0.000
      0.082    0.000
      0.084    0.000
      0.086    0.000
      0.088    0.000
      0.090    0.000
      0.092    0.000
      0.094    0.000
      0.096    0.000
      0.098    0.000
      0.100    0.000
      0.102    0.000
      0.104    0.000
      0.106    0.000
      0.108    0.000
      0.110    0.000
      0.112    0.000
      0.114    0.000
      0.116    0.000
      0.118    0.000
      0.120    0.000
      0.122    0.000
      0.124    0.000
      0.126    0.000
      0.128    0.000
      0.130    0.000
      0.132    0.000
      0.134    0.000
      0.136    0.000
      0.138    0.000
      0.140    0.000
      0.142    0.000
      0.144    0.000
      0.146    0.000
      0.148    0.000
      0.150    0.000
      0.152    0.000
      0.154    0.000
      0.156    0.000
      0.158    0.000
      0.160    0.000
      0.162    0.000
      0.164    0.000
      0.166    0.000
      0.168    0.000
      0.170    0.000
      0.172    0.000
      0.174    0.000
      0.176    0.000
      0.178    0.000
      0.180    0.000
      0.182    0.000
      0.184    0.000
      0.186    0.000
      0.188    0.000
      0.190    0.000
      0.192    0.000
      0.194    0.000
      0.196    0.000
      0.198    0.000
      0.200    0.000
      0.202    0.000
      0.204    0.000
      0.206    0.000
      0.208    0.000
      0.210    0.000
      0.212    0.000
      0.214    0.000
      0.216    0.000
      0.218    0.000
      0.220    0.000
      0.222    0.000
      0.224    0.000
      0.226    0.000
      0.228    0.000
      0.230    0.000
      0.232    0.000
      0.234    0.000
      0.236    0.000
      0.238    0.000
      0.240    0.000
      0.242    0.000
      0.244    0.000
      0.246    0.000
      0.248    0.000
      0.250    0.000
      0.252    0.000
      0.254    0.000
      0.256    0.000
      0.258    0.000
      0.260    0.000
      0.262    0.000
      0.264    0.000
      0.266    0.000
      0.268    0.000
      0.270    0.000
      0.272    0.000
      0.274    0.000
      0.276    0.000
      0.278    0.000
      0.280    0.000
      0.282    0.000
      0.284    0.000
      0.286    0.000
      0.288    0.000
      0.290    0.000
      0.292    0.000
      0.294    0.000
      0.296    0.000
      0.298    0.000
      0.300    0.000
      0.302    0.000
      0.304    0.000
      0.306    0.000
      0.308    0.000
      0.310    0.000
      0.312    0.000
      0.314    0.000
      0.316    0.000
      0.318    0.000
      0.320    0.000
      0.322    0.000
      0.324    0.000
      0.326    0.000
      0.328    0.000
      0.330    0.001
      0.332    0.003
      0.334    0.005
      0.336    0.008
      0.338    0.016
      0.340    0.022
      0.342    0.037
      0.344    0.056
      0.346    0.078
      0.348    0.111
      0.350    0.147
      0.352    0.195
      0.354    0.248
      0.356    0.305
      0.358    0.385
      0.360    0.464
      0.362    0.546
      0.364    0.630
      0.366    0.724
      0.368    0.815
      0.370    0.919
      0.372    1.002
      0.374    1.094
      0.376    1.189
      0.378    1.274
      0.380    1.350
      0.382    1.430
      0.384    1.487
      0.386    1.568
      0.388    1.620
      0.390    1.662
      0.392    1.697
      0.394    1.744
      0.396    1.767
      0.398    1.801
      0.400    1.812
      0.402    1.836
      0.404    1.850
      0.406    1.847
      0.408    1.845
      0.410    1.862
      0.412    1.864
      0.414    1.846
      0.416    1.848
      0.418    1.821
      0.420    1.817
      0.422    1.807
      0.424    1.803
      0.426    1.776
      0.428    1.757
      0.430    1.738
      0.432    1.721
      0.434    1.701
      0.436    1.684
      0.438    1.659
      0.440    1.638
      0.442    1.633
      0.444    1.607
      0.446    1.591
      0.448    1.573
      0.450    1.557
      0.452    1.546
      0.454    1.523
      0.456    1.532
      0.458    1.496
      0.460    1.471
      0.462    1.467
      0.464    1.453
      0.466    1.444
      0.468    1.438
      0.470    1.429
      0.472    1.410
      0.474    1.408
      0.476    1.405
      0.478    1.393
      0.480    1.390
      0.482    1.385
      0.484    1.369
      0.486    1.365
      0.488    1.363
      0.490    1.359
      0.492    1.353
      0.494    1.357
      0.496    1.349
      0.498    1.347
      0.500    1.340
      0.502    1.347
      0.504    1.347
      0.506    1.342
      0.508    1.338
      0.510    1.332
      0.512    1.325
      0.514    1.314
      0.516    1.312
      0.518    1.304
      0.520    1.299
      0.522    1.283
      0.524    1.278
      0.526    1.268
      0.528    1.247
      0.530    1.236
      0.532    1.232
      0.534    1.214
      0.536    1.195
      0.538    1.179
      0.540    1.158
      0.542    1.159
      0.544    1.129
      0.546    1.114
      0.548    1.093
      0.550    1.085
      0.552    1.059
      0.554    1.045
      0.556    1.032
      0.558    1.014
      0.560    0.996
      0.562    0.975
      0.564    0.958
      0.566    0.946
      0.568    0.928
      0.570    0.915
      0.572    0.901
      0.574    0.887
      0.576    0.877
      0.578    0.866
      0.580    0.853
      0.582    0.840
      0.584    0.829
      0.586    0.818
      0.588    0.807
      0.590    0.797
      0.592    0.792
      0.594    0.775
      0.596    0.768
      0.598    0.763
      0.600    0.754
      0.602    0.749
      0.604    0.737
      0.606    0.740
      0.608    0.727
      0.610    0.724
      0.612    0.724
      0.614    0.712
      0.616    0.703
      0.618    0.705
      0.620    0.702
      0.622    0.701
      0.624    0.701
      0.626    0.697
      0.628    0.692
      0.630    0.698
      0.632    0.692
      0.634    0.690
      0.636    0.690
      0.638    0.688
      0.640    0.688
      0.642    0.685
      0.644    0.695
      0.646    0.689
      0.648    0.694
      0.650    0.699
      0.652    0.695
      0.654    0.700
      0.656    0.698
      0.658    0.702
      0.660    0.711
      0.662    0.708
      0.664    0.709
      0.666    0.718
      0.668    0.720
      0.670    0.731
      0.672    0.725
      0.674    0.734
      0.676    0.736
      0.678    0.742
      0.680    0.750
      0.682    0.756
      0.684    0.760
      0.686    0.768
      0.688    0.773
      0.690    0.777
      0.692    0.787
      0.694    0.786
      0.696    0.798
      0.698    0.807
      0.700    0.814
      0.702    0.824
      0.704    0.826
      0.706    0.840
      0.708    0.845
      0.710    0.855
      0.712    0.861
      0.714    0.868
      0.716    0.874
      0.718    0.885
      0.720    0.885
      0.722    0.899
      0.724    0.911
      0.726    0.913
      0.728    0.922
      0.730    0.931
      0.732    0.941
      0.734    0.947
      0.736    0.954
      0.738    0.966
      0.740    0.976
      0.742    0.982
      0.744    0.989
      0.746    0.997
      0.748    1.004
      0.750    1.012
      0.752    1.024
      0.754    1.025
      0.756    1.035
      0.758    1.038
      0.760    1.049
      0.762    1.055
      0.764    1.060
      0.766    1.069
      0.768    1.079
      0.770    1.083
      0.772    1.088
      0.774    1.091
      0.776    1.096
      0.778    1.105
      0.780    1.107
      0.782    1.120
      0.784    1.119
      0.786    1.115
      0.788    1.127
      0.790    1.131
      0.792    1.134
      0.794    1.142
      0.796    1.146
      0.798    1.150
      0.800    1.151
      0.802    1.155
      0.804    1.153
      0.806    1.158
      0.808    1.154
      0.810    1.163
      0.812    1.161
      0.814    1.162
      0.816    1.163
      0.818    1.166
      0.820    1.167
      0.822    1.168
      0.824    1.163
      0.826    1.169
      0.828    1.169
      0.830    1.170
      0.832    1.160
      0.834    1.170
      0.836    1.167
      0.838    1.169
      0.840    1.167
      0.842    1.160
      0.844    1.160
      0.846    1.159
      0.848    1.158
      0.850    1.157
      0.852    1.158
      0.854    1.156
      0.856    1.147
      0.858    1.149
      0.860    1.151
      0.862    1.142
      0.864    1.143
      0.866    1.145
      0.868    1.134
      0.870    1.132
      0.872    1.130
      0.874    1.127
      0.876    1.130
      0.878    1.123
      0.880    1.121
      0.882    1.117
      0.884    1.116
      0.886    1.109
      0.888    1.108
      0.890    1.104
      0.892    1.101
      0.894    1.099
      0.896    1.093
      0.898    1.092
      0.900    1.091
      0.902    1.083
      0.904    1.078
      0.906    1.076
      0.908    1.072
      0.910    1.068
      0.912    1.060
      0.914    1.062
      0.916    1.057
      0.918    1.052
      0.920    1.048
      0.922    1.042
      0.924    1.042
      0.926    1.033
      0.928    1.032
      0.930    1.026
      0.932    1.023
      0.934    1.019
      0.936    1.014
      0.938    1.010
      0.940    1.001
      0.942    1.001
      0.944    0.993
      0.946    0.991
      0.948    0.989
      0.950    0.983
      0.952    0.979
      0.954    0.973
      0.956    0.973
      0.958    0.970
      0.960    0.965
      0.962    0.964
      0.964    0.960
      0.966    0.956
      0.968    0.952
      0.970    0.950
      0.972    0.947
      0.974    0.939
      0.976    0.935
      0.978    0.937
      0.980    0.929
      0.982    0.928
      0.984    0.923
      0.986    0.922
      0.988    0.918
      0.990    0.919
      0.992    0.917
      0.994    0.913
      0.996    0.912
      0.998    0.910
      1.000    0.909
      1.002    0.906
      1.004    0.905
      1.006    0.901
      1.008    0.899
      1.010    0.907
      1.012    0.900
      1.014    0.901
      1.016    0.902
      1.018    0.900
      1.020    0.898
      1.022    0.896
      1.024    0.898
      1.026    0.897
      1.028    0.895
      1.030    0.896
      1.032    0.897
      1.034    0.895
      1.036    0.894
      1.038    0.898
      1.040    0.897
      1.042    0.895
      1.044    0.902
      1.046    0.901
      1.048    0.904
      1.050    0.900
      1.052    0.903
      1.054    0.908
      1.056    0.907
      1.058    0.912
      1.060    0.909
      1.062    0.910
      1.064    0.917
      1.066    0.916
      1.068    0.917
      1.070    0.920
      1.072    0.921
      1.074    0.922
      1.076    0.926
      1.078    0.932
      1.080    0.934
      1.082    0.929
      1.084    0.937
      1.086    0.940
      1.088    0.944
      1.090    0.945
      1.092    0.948
      1.094    0.950
      1.096    0.954
      1.098    0.955
      1.100    0.957
      1.102    0.961
      1.104    0.962
      1.106    0.967
      1.108    0.970
      1.110    0.970
      1.112    0.975
      1.114    0.980
      1.116    0.982
      1.118    0.984
      1.120    0.989
      1.122    0.986
      1.124    0.992
      1.126    0.997
      1.128    0.997
      1.130    1.002
      1.132    1.001
      1.134    1.006
      1.136    1.008
      1.138    1.010
      1.140    1.009
      1.142    1.017
      1.144    1.016
      1.146    1.018
      1.148    1.026
      1.150    1.025
      1.152    1.026
      1.154    1.030
      1.156    1.030
      1.158    1.033
      1.160    1.036
      1.162    1.038
      1.164    1.038
      1.166    1.038
      1.168    1.041
      1.170    1.045
      1.172    1.047
      1.174    1.046
      1.176    1.049
      1.178    1.047
      1.180    1.052
      1.182    1.049
      1.184    1.050
      1.186    1.054
      1.188    1.056
      1.190    1.054
      1.192    1.054
      1.194    1.059
      1.196    1.058
      1.198    1.058
      1.200    1.058
      1.202    1.059
      1.204    1.062
      1.206    1.057
      1.208    1.060
      1.210    1.062
      1.212    1.061
      1.214    1.059
      1.216    1.060
      1.218    1.060
      1.220    1.059
      1.222    1.061
      1.224    1.061
      1.226    1.057
      1.228    1.060
      1.230    1.059
      1.232    1.061
      1.234    1.054
      1.236    1.058
      1.238    1.059
      1.240    1.056
      1.242    1.055
      1.244    1.055
      1.246    1.053
      1.248    1.053
      1.250    1.054
      1.252    1.052
      1.254    1.050
      1.256    1.047
      1.258    1.048
      1.260    1.048
      1.262    1.045
      1.264    1.044
      1.266    1.042
      1.268    1.043
      1.270    1.040
      1.272    1.041
      1.274    1.035
      1.276    1.038
      1.278    1.037
      1.280    1.034
      1.282    1.033
      1.284    1.032
      1.286    1.031
      1.288    1.031
      1.290    1.021
      1.292    1.027
      1.294    1.026
      1.296    1.024
      1.298    1.021
      1.300    1.021
      1.302    1.017
      1.304    1.015
      1.306    1.015
      1.308    1.016
      1.310    1.010
      1.312    1.011
      1.314    1.007
      1.316    1.007
      1.318    1.005
      1.320    1.002
      1.322    1.004
      1.324    1.002
      1.326    0.999
      1.328    0.994
      1.330    0.994
      1.332    0.995
      1.334    0.995
      1.336    0.992
      1.338    0.992
      1.340    0.989
      1.342    0.988
      1.344    0.987
      1.346    0.984
      1.348    0.980
      1.350    0.982
      1.352    0.982
      1.354    0.977
      1.356    0.979
      1.358    0.976
      1.360    0.978
      1.362    0.976
      1.364    0.972
      1.366    0.971
      1.368    0.973
      1.370    0.970
      1.372    0.972
      1.374    0.969
      1.376    0.970
      1.378    0.966
      1.380    0.967
      1.382    0.965
      1.384    0.967
      1.386    0.966
      1.388    0.964
      1.390    0.963
      1.392    0.965
      1.394    0.960
      1.396    0.963
      1.398    0.962
      1.400    0.963
